v -23.683528854396371 0.91105147142485376 0
v -23.53356496635358 1.6635078427258043 0
v -23.378800864957498 2.4186547318738412 0
v -23.217759685921237 3.1750770789498599 0
v -23.048964564957885 3.9313598240347605 0
v -22.870938637780526 4.6860879072094335 0
v -22.682205040102232 5.4378462685547806 0
v -22.481286907636147 6.185219848151692 0
v -22.266707376095326 6.9267935860810708 0
v -22.036989581192884 7.6611524224238083 0
v -21.7906566586419 8.3868812972608033 0
v -21.52623174415546 9.1025651506729499 0
v -21.242237973446663 9.8067889227411449 0
v -20.937198482228624 10.498137553546286 0
v -20.609636406214392 11.175195983169267 0
v -20.258074881117096 11.836549151690988 0
v -19.881037042649822 12.480781999192345 0
v -19.477046026525642 13.10647946575423 0
v -19.044624968457669 13.712226491457546 0
v -18.582297004158988 14.296608016383175 0
v -18.088585269342701 14.85820898061203 0
v -17.562012899721886 15.395614324225001 0
v -17.007613997584095 15.912669109363438 0
v -16.448766799376287 16.42747845940292 0
v -15.886267376534775 16.939214059395287 0
v -15.318458085554695 17.445034429502893 0
v -14.743681282931263 17.942098089888141 0
v -14.160279325159642 18.427563560713395 0
v -13.566594568735027 18.898589362141045 0
v -12.960969370152569 19.352334014333465 0
v -12.341746085907459 19.785956037453047 0
v -11.707267072494886 20.196613951662165 0
v -11.055874686410021 20.581466277123209 0
v -10.386616518799102 20.938744160562006 0
v -9.7111067182313491 21.285908239820834 0
v -9.0341929709465134 21.630401447208332 0
v -8.3561606316377635 21.972764695435981 0
v -7.677295054998261 22.313538897215278 0
v -6.9978815957211751 22.653264965257687 0
v -6.3182056084996745 22.992483812274717 0
v -5.638552448026914 23.331736350977842 0
v -4.9592074689960697 23.671563494078562 0
v -4.2804560261003033 24.01250615428836 0
v -3.6025834740327838 24.355105244318711 0
v -2.925875167486673 24.699901676881122 0
v -2.2506164611551398 25.047436364687076 0
v -1.5770927097313461 25.398250220448052 0
v -0.90564638962933941 25.752976377125076 0
v -0.23777719538612985 26.114071887504551 0
v 0.42648584636740594 26.481505255673596 0
v 1.0878546931961708 26.854031299273942 0
v 1.7470413026650782 27.230404835947308 0
v 2.4047576323390203 27.609380683335438 0
v 3.0617156397829035 27.98971365908006 0
v 3.7186272825616378 28.370158580822888 0
v 4.3762045182401295 28.749470266205666 0
v 5.0351593043832814 29.126403532870135 0
v 5.6962035985559965 29.499713198458004 0
v 6.3606792020753034 29.867242345552629 0
v 7.0337022633228159 30.220918592086164 0
v 7.7159137601826728 30.558364635181452 0
v 8.4069001721655354 30.878662266501571 0
v 9.1062479787820649 31.180893277709604 0
v 9.8135436595429368 31.464139460468637 0
v 10.528373693958827 31.727482606441747 0
v 11.250324561540385 31.970004507292018 0
v 11.978982741798291 32.19078695468253 0
v 12.713934714243209 32.388911740276356 0
v 13.454766958385811 32.563460655736598 0
v 14.201065953736769 32.713515492726323 0
v 14.952418179806738 32.838158042908617 0
v 15.708410116106393 32.936470097946582 0
v 16.468628242146401 33.007533449503264 0
v 17.230776029550572 33.046831487856146 0
v 17.954612856381011 32.981412058191779 0
v 18.622696801557744 32.79187113997309 0
v 19.233237755017605 32.490140362402634 0
v 19.784445606697425 32.088151354683035 0
v 20.274530246534056 31.597835746016859 0
v 20.701701564464315 31.031125165606714 0
v 21.064169450425062 30.39995124265516 0
v 21.360143794353128 29.716245606364797 0
v 21.587834486185336 28.991939885938237 0
v 21.745451415858554 28.238965710578036 0
v 21.831204473309597 27.469254709486794 0
v 21.843303548475305 26.694738511867108 0
v 21.779958531292529 25.927348746921563 0
v 21.6393793116981 25.179017043852738 0
v 21.419775779628857 24.461675031863223 0
v 21.119357825021631 23.787254340155624 0
v 20.736335337813276 23.167686597932512 0
v 20.268918207940608 22.614903434396471 0
v 19.715316325340495 22.140836478750114 0
v 19.074183989149308 21.75695715195754 0
v 18.392394004957566 21.42262548405246 0
v 17.702899205140248 21.104514482559853 0
v 17.006509557411164 20.801151755305323 0
v 16.304035029484183 20.511064910114495 0
v 15.596285589073119 20.232781554812984 0
v 14.884071203891832 19.964829297226416 0
v 14.16820184165416 19.705735745180409 0
v 13.44948747007393 19.454028506500585 0
v 12.728738056864994 19.208235189012559 0
v 12.006764289951892 18.9667312320639 0
v 11.284121696551168 18.727345564260954 0
v 10.560913008180108 18.489593030504938 0
v 9.8372015136592452 18.253291247960949 0
v 9.1130505018091377 18.018257833794095 0
v 8.3885232614503487 17.784310405169467 0
v 7.663683081403402 17.551266579252172 0
v 6.9385932504888821 17.318943973207318 0
v 6.2133170575273091 17.087160204199989 0
v 5.4879177913392425 16.855732889395306 0
v 4.7624587407452488 16.62447964595836 0
v 4.0370031945658553 16.393218091054237 0
v 3.3116144416216216 16.161765841848062 0
v 2.5863557707331104 15.929940515504928 0
v 1.8612904707208493 15.697559729189937 0
v 1.1364818304054154 15.464441100068182 0
v 0.41199313860733255 15.230402245304777 0
v -0.31211231585284338 14.995260782064808 0
v -1.0357712441545388 14.758834327513387 0
v -1.7589203574772299 14.520940498815616 0
v -2.4814963670003536 14.281396913136589 0
v -3.2034359839033684 14.040021187641408 0
v -3.9168542062335021 13.779683989497599 0
v -4.6058400422286709 13.467757816471178 0
v -5.2706699837541677 13.108287199236354 0
v -5.9121348750404721 12.7064552729145 0
v -6.5310255603180849 12.26744517262696 0
v -7.1281328838175355 11.796440033495092 0
v -7.7042476897692964 11.298622990640254 0
v -8.2601608224038969 10.779177179183794 0
v -8.7950722016010019 10.241085405002444 0
v -9.2993840217315338 9.6747854911719564 0
v -9.7708117628844988 9.0802341485327087 0
v -10.208703467816157 8.4596022928203194 0
v -10.612407179282805 7.8150608397703483 0
v -10.981270940040709 7.1487807051183925 0
v -11.314642792846151 6.4629328046000509 0
v -11.611870780455433 5.7596880539508923 0
v -11.872302945624817 5.0412173689065263 0
v -12.09528733111059 4.3096916652025108 0
v -12.280171979669035 3.5672818585744523 0
v -12.426304934056411 2.816158864757945 0
v -12.533034237029035 2.0584935994885556 0
v -12.599707931343168 1.2964569785018822 0
v -12.625674059755092 0.53221991753352516 0
v -12.610280665021087 -0.2320466676809545 0
v -12.552875789897435 -0.99417186140594227 0
v -12.452807477140418 -1.751984747905877 0
v -12.309423769506317 -2.5033144114451469 0
v -12.122072709751407 -3.2459899362881997 0
v -11.890102340631984 -3.9778404066994009 0
v -11.612860704904321 -4.6966949069431889 0
v -11.289881182027123 -5.4003350514345732 0
v -10.928117146646393 -6.0851296762557778 0
v -10.532464367485083 -6.7493420406150166 0
v -10.104423182282488 -7.3923364939885454 0
v -9.6454939287778743 -8.0134773858526245 0
v -9.1571769447105709 -8.6121290656834724 0
v -8.6409725678198512 -9.1876558829573476 0
v -8.0983811358449955 -9.7394221871505202 0
v -7.5309029865253123 -10.266792327739207 0
v -6.9400384576000889 -10.769130654199671 0
v -6.3272878868085911 -11.245801516008179 0
v -5.6941516118901561 -11.696169262640947 0
v -5.0421299705840426 -12.119598243574238 0
v -4.3727233006295236 -12.515452808284316 0
v -3.6874319397659434 -12.8830973062474 0
v -2.9877562257325607 -13.221896086939758 0
v -2.2751964962686628 -13.531213499837634 0
v -1.5512530891135299 -13.810413894417291 0
v -0.81742634200648467 -14.05886162015495 0
v -0.07521659268680736 -14.275921026526881 0
v 0.67387693172898722 -14.46095353649287 0
v 1.4288019279662088 -14.613764855161371 0
v 2.1882753507651955 -14.740646909136188 0
v 2.9505789847591934 -14.850366474471659 0
v 3.7139946145813845 -14.951690327222114 0
v 4.4768040248650252 -15.05338524344187 0
v 5.2372890002433685 -15.164217999185265 0
v 5.9937313253496001 -15.292955370506625 0
v 6.7444127848169657 -15.44836413346027 0
v 7.4876151632787042 -15.639211064100547 0
v 8.2217414496502599 -15.873666564208929 0
v 8.9519571523065267 -16.126563601010396 0
v 9.6817714028266622 -16.380697664465423 0
v 10.411201292301001 -16.636012490143681 0
v 11.140263911819808 -16.892451813614791 0
v 11.86897635247341 -17.149959370448428 0
v 12.597355705352147 -17.408478896214248 0
v 13.325419061546274 -17.667954126481892 0
v 14.053183512146127 -17.928328796821013 0
v 14.780666148242016 -18.189546642801272 0
v 15.507884060924273 -18.451551399992333 0
v 16.23485434128316 -18.714286803963837 0
v 16.959577663903758 -18.983551537711097 0
v 17.678933436959824 -19.267748552432703 0
v 18.392540305271311 -19.566900298382691 0
v 19.100039844586703 -19.880960932168168 0
v 19.801073630654486 -20.209884610396276 0
v 20.49528323922307 -20.553625489674086 0
v 21.178667233202042 -20.915264907399038 0
v 21.792941872596511 -21.342436333776245 0
v 22.319560053746173 -21.844015362630554 0
v 22.760626201688332 -22.41054918152707 0
v 23.118244741460288 -23.032584978030918 0
v 23.394520098099335 -23.700669939707211 0
v 23.591556696642737 -24.405351254121001 0
v 23.711458962127807 -25.137176108837426 0
v 23.756331319591826 -25.886691691421607 0
v 23.728278194072089 -26.644445189438617 0
v 23.629404010605889 -27.400983790453562 0
v 23.461813194230501 -28.146854682031588 0
v 23.227610169983237 -28.872605051737736 0
v 22.928899362901376 -29.568782087137144 0
v 22.5677851980222 -30.225932975794937 0
v 22.146372100383019 -30.834604905276169 0
v 21.666764495021113 -31.38534506314598 0
v 21.13106680697377 -31.868700636969461 0
v 20.541383461278272 -32.275218814311721 0
v 19.899818882971928 -32.595446782737866 0
v 19.208477497092034 -32.819931729813 0
v 18.469463728675837 -32.93922084310222 0
v 17.709052946750919 -32.96851964163254 0
v 16.953248423678733 -32.933958951905289 0
v 16.202405072434118 -32.841258405511283 0
v 15.456875765797921 -32.696135784218662 0
v 14.717013376550906 -32.504308869795459 0
v 13.983170777473841 -32.271495444009773 0
v 13.255700841347572 -32.003413288629709 0
v 12.534956440952861 -31.705780185423318 0
v 11.821290449070506 -31.384313916158693 0
v 11.115055738481278 -31.044732262603926 0
v 10.416605181966013 -30.692753006527102 0
v 9.7262914997228442 -30.334092329202452 0
v 9.0435364027893392 -29.967426233521024 0
v 8.3666027590956205 -29.589837292895783 0
v 7.6940480624775986 -29.204056055924177 0
v 7.0244298067711881 -28.812813071203646 0
v 6.3563054858123706 -28.418838887331667 0
v 5.688232593437057 -28.024864052905713 0
v 5.0187686234811544 -27.633619116523231 0
v 4.3464710697806481 -27.247834626781692 0
v 3.6698974261714454 -26.870241132278583 0
v 2.9876051864894819 -26.50356918161134 0
v 2.2981517241371847 -26.150549826125395 0
v 1.5969792767019442 -25.827910396250711 0
v 0.88211435758662304 -25.5455140112892 0
v 0.15586472819238395 -25.296321594244414 0
v -0.57946185007956785 -25.073294068119914 0
v -1.3215576158280626 -24.869392355919274 0
v -2.0681148076519662 -24.677577380646017 0
v -2.8168256641500591 -24.490810065303734 0
v -3.5653824239211716 -24.302051332895957 0
v -4.3114773255641765 -24.104262106426251 0
v -5.0528026076778403 -23.890403308898176 0
v -5.7870505088610074 -23.653435863315288 0
v -6.511895821907558 -23.38634589345223 0
v -7.222732465884107 -23.08793460993294 0
v -7.9177398590280887 -22.761537601528261 0
v -8.5976232818802529 -22.408645384261561 0
v -9.2630880149813208 -22.030748474156255 0
v -9.9148393388719711 -21.629337387235758 0
v -10.553582534092939 -21.205902639523465 0
v -11.180022881184946 -20.761934747042762 0
v -11.794865660688679 -20.298924225817082 0
v -12.398816153144864 -19.818361591869806 0
v -12.992579639094203 -19.321737361224343 0
v -13.576861399077451 -18.810542049904079 0
v -14.15236671363526 -18.286266173932447 0
v -14.719800863308379 -17.750400249332831 0
v -15.279869128637529 -17.204434792128609 0
v -15.833276790163389 -16.649860318343244 0
v -16.380729128426687 -16.088167344000098 0
v -16.922931423968166 -15.520846385122564 0
v -17.460588957328483 -14.949387957734071 0
v -17.994407009048373 -14.375282577858016 0
v -18.525090859668587 -13.800020761517775 0
v -19.053345789729775 -13.22509302473679 0
v -19.579381404278116 -12.651422599223299 0
v -20.087231208488028 -12.061923568596953 0
v -20.568222199485746 -11.449227238811929 0
v -21.021371774824814 -10.814989694148334 0
v -21.44569733205882 -10.160867018886218 0
v -21.840216268741365 -9.4885152973056215 0
v -22.203945982426021 -8.7995906136866537 0
v -22.535903870666331 -8.0957490523093512 0
v -22.835107331015934 -7.3786466974537612 0
v -23.100573761028372 -6.6499396333999874 0
v -23.331320558257218 -5.9112839444280771 0
v -23.526365120256074 -5.1643357148180682 0
v -23.684724844578497 -4.4107510288500711 0
v -23.805417128778089 -3.652185970804128 0
v -23.887459370408422 -2.890296624960305 0
v -23.929868967023069 -2.1267390755986382 0
v -23.931663316175602 -1.3631694069992406 0
v -23.891859815419622 -0.60124370344215494 0
v -23.809475862308673 0.15738195079258155 0
v 18.393081847040079 31.558685068441331 0
v 19.342584176020058 31.156413373698232 0
v 18.107961526416538 32.249743268257475 0
v -18.788287148060764 -11.456395479745609 0
v -13.486141331562765 -17.012429000281021 0
v -16.178722045070373 -14.281998686431209 0
v -22.495818619086837 -3.125803036169875 0
v -7.6321010203475659 -21.379845741173558 0
v -0.83110791544601903 -15.483124458149563 0
v -21.957352125586972 2.5113843208316435 0
v -21.059391479797913 6.1756164029784122 0
v -19.261458920997626 10.882650967446612 0
v -16.368217952647193 14.671345403335865 0
v -12.459417874012528 18.051855282796733 0
v -5.5754972514819592 14.466582589932711 0
v -4.6964601806861292 22.297358683163488 0
v -1.2919583969361703 24.028871483869018 0
v 6.0470699493312559 -26.642466648601179 0
v 2.5195162042078185 -24.74624479180758 0
v 11.389792581995922 -29.630582476907893 0
v 16.742159243846544 -31.556570549407446 0
v 22.24383282481611 -24.402302130353508 0
v 5.4403606383058758 18.257379332461493 0
v 9.7801593881923772 19.654382971330339 0
v 10.637793427034302 30.328614580027445 0
v 18.140611180732961 22.798416877025204 0
v 16.214494897445086 31.624344754897269 0
v 20.423842677055898 27.702093695559373 0
v 20.000135140662096 29.533417562103686 0
v -12.32295112231359 -6.3840402000313903 0
v -20.800807712702898 -8.499260513941671 0
v -19.673737402772534 -10.331134637562 0
v -19.677417996126366 -11.24505719975498 0
v -18.700714223040258 -12.373728977345751 0
v -13.295250224123215 -17.923405086815489 0
v -6.8090975227981776 -12.593361343727048 0
v -9.3478062953803001 -10.425403961197748 0
v -14.573465405845273 -15.946108437932541 0
v -14.408447018201352 -16.870753427835258 0
v -16.032626850448615 -15.212719246644983 0
v -17.239968429396317 -13.146895600384203 0
v -22.943633525046732 -3.903954957169856 0
v -13.532307065948636 -3.2067739189488416 0
v -22.505833833237769 -0.36797489822554186 0
v -23.099497900413322 -2.4635750492272481 0
v -7.2227583999686589 -22.184840801351836 0
v -4.3030273150613354 -22.683167489215037 0
v -3.9381908577152278 -14.292828720551022 0
v -10.079770110096993 -19.873412771735349 0
v -8.8773725556499929 -20.674667629732419 0
v -8.526280052647504 -21.508132342915665 0
v -0.58904824685435453 -23.655812138638414 0
v 1.583611760164412 -16.023542747568708 0
v 0.089202989463573967 -15.21912514124744 0
v -1.4654147798898076 -14.76483412772034 0
v -22.62936607087385 1.8716287372851494 0
v -13.967472477315615 0.96036923050955247 0
v -21.622026914023404 3.9931330081091283 0
v -22.310414895097598 3.3695444510013517 0
v -21.774296708476545 5.5944646431822038 0
v -13.50381743661713 4.2662362403193068 0
v -20.389734162430546 8.2759707965329117 0
v -21.355835542054859 7.0449689377693945 0
v -20.052906401087068 10.488082240414274 0
v -12.363775991667906 7.3968330837887812 0
v -18.187013126173866 12.642789733094013 0
v -19.380780020797996 11.755558852426308 0
v -17.250267152906243 14.563471168540422 0
v -10.589073406066049 10.213221153840474 0
v -14.705682753690915 16.185555011049114 0
v -16.166655734317761 15.560504292804074 0
v -13.357257805905162 18.025084149443433 0
v -8.2986825727771905 12.568824132299884 0
v -10.087890476232786 19.573695113513018 0
v -12.185810545682239 18.904331801808127 0
v -6.0540032097775747 13.645844562502703 0
v -4.6225717831759905 14.42159775701851 0
v -1.8190659321817901 15.921831298539619 0
v -3.3341860750219796 22.982124666751663 0
v -4.2450375446491933 23.09589145259681 0
v -5.6056855528037595 22.415461878338075 0
v -2.2053212028372911 24.12964781413751 0
v 1.8118760926425623 17.099090878111625 0
v 1.4175561776648644 25.495343761492379 0
v 0.068410933274841934 24.749576293595084 0
v -0.85022155351168482 24.835225600560392 0
v 9.5938835944193279 -17.801433046141405 0
v 4.677553348370262 -25.859659453349654 0
v 5.1088019201659929 -26.698029399131965 0
v 6.4559879803628943 -27.486383511513907 0
v 1.5639535658249613 -24.865501251697449 0
v 3.0416979968894706 -25.54815741388262 0
v 5.3872943177594994 -16.569550250234641 0
v 11.835346263616819 -30.45090575427426 0
v 17.505423351462877 -20.682352542762775 0
v 9.3744306085674971 -28.578615156190004 0
v 10.463512975899564 -29.758816436925077 0
v 17.367072436225421 -32.165669850535501 0
v 20.115580550406257 -31.02661382754701 0
v 14.762806055527639 -31.087001671258463 0
v 15.980752028492343 -31.992400936763961 0
v 22.916591046262084 -24.891672528857889 0
v 22.573718688923634 -23.648931621551618 0
v 20.728547456178109 -22.217790098497719 0
v 22.223385272371647 -27.476826951485002 0
v 3.9897680281042587 17.794881423069008 0
v 4.8713415427842506 17.536442786525935 0
v 6.3215698563907301 17.999050880989603 0
v 10.661868328011179 19.401325785810652 0
v 6.6799691891699595 28.505545833461394 0
v 8.3360626289143198 19.185671043912951 0
v 9.2174250389655192 18.929765548284266 0
v 9.7645811254628505 30.561684928967381 0
v 13.362637159255708 20.853964437502491 0
v 12.697679316906303 30.986982248892929 0
v 11.150141596056008 31.072403984677962 0
v 18.991648710135802 22.622132789446155 0
v 20.074004965939203 24.657022844306965 0
v 16.141028342139393 21.901401881601977 0
v 17.704355011583129 22.00764286165694 0
v 17.301410740046649 31.512625127806679 0
v 15.435708684817378 32.077628821020078 0
v 20.88880481673857 28.452631200226783 0
v 20.576200089112504 26.413023611900751 0
v 20.228407596459736 30.339658688881652 0
v -11.458295560146905 -7.8296382064831214 0
v -12.257453007801931 -5.4185166093934285 0
v -20.928688279488423 -9.4055765067443424 0
v -21.676043947252712 -6.5436944182844599 0
v -21.621149856836567 -8.0945196291063777 0
v -18.281516384900886 -13.046070349615388 0
v -12.83886861339618 -18.556543607205189 0
v -7.1745610119328322 -11.70277911257962 0
v -5.8478389468417671 -12.646552084357564 0
v -8.4130813733493124 -10.647059592266048 0
v -9.5537581911164686 -9.4870943985484679 0
v -15.612249900837616 -15.886804277042611 0
v -17.099908641624626 -14.078786443247342 0
v -13.244512923987996 -2.2924202684133967 0
v -12.845307903457821 -3.8779179531953063 0
v -23.108034509240397 -1.0241937861986321 0
v -22.953350866637404 0.40167180320413154 0
v -5.6759963299668206 -22.234940098822758 0
v -3.7247655805586968 -23.397178338537127 0
v -2.9820560824893292 -14.184168529580152 0
v -4.4463803424169308 -13.475265615050439 0
v -11.244935928014351 -18.988005295369646 0
v -10.990739571513181 -19.870843399319526 0
v -9.7809102899580189 -20.733824682644304 0
v -2.1113833086269582 -23.256935918575962 0
v 0.038264953269663282 -24.360343015325999 0
v 3.1526675605907108 -16.254353711796476 0
v 0.90790630743224454 -15.245953626810349 0
v -2.1742038867712701 -14.347510787219708 0
v -13.932615951196476 -0.71487227206116555 0
v -13.49243497677789 0.1324738292122335 0
v -13.437228665558642 1.7536701732993336 0
v -22.121532616507334 4.8975154297068331 0
v -13.21083690320126 3.3585683954411962 0
v -12.819364974192318 4.9301537373667923 0
v -20.62420854416472 9.1481796597474645 0
v -21.283114846385544 7.8099366190208546 0
v -12.265896153535563 6.4505477766924706 0
v -11.559270501755787 7.9040154957063562 0
v -18.194904126529341 13.515051793879511 0
v -10.700068908190643 9.2710839603838817 0
v -9.6968771250133763 10.536472842082203 0
v -14.490848903024217 17.068884960123153 0
v -15.715644565353371 16.186648290437311 0
v -8.5698025285829207 11.667750273304565 0
v -7.3649759810556379 12.710681111856783 0
v -10.971038976465334 19.694183053231939 0
v -8.0882612087029351 20.599618780071513 0
v -9.6724102651453627 20.379829395852553 0
v -3.8129955208747841 14.60275434283413 0
v -2.3836573696103605 15.195854699841325 0
v -0.93389771751052342 15.672726005826998 0
v -6.3559075860344851 22.217499431544926 0
v -2.955663064149066 23.921901635150409 0
v 0.35935115846830012 16.631740261153769 0
v 1.2427457020879906 16.377388120272649 0
v 2.6943231521762798 16.842555563174912 0
v 0.50005004260066743 25.564353085267356 0
v 3.407462080965538 26.634941856653352 0
v 1.8324538073263508 26.315370280108283 0
v 12.501409380683583 -18.828871993659732 0
v 11.048130271564478 -18.313011722029323 0
v 10.494513124018338 -17.563745294192447 0
v 9.0381720680410993 -17.053970198616863 0
v 7.041401709775986 -28.020522010378642 0
v 3.6642382109262637 -26.062641121738281 0
v 6.777695014279244 -16.861280391224899 0
v 4.7376242171105805 -15.928224190038028 0
v 18.867465795114718 -21.288162282310207 0
v 18.4067960566286 -20.488725166737538 0
v 17.011805289102856 -19.903864132335325 0
v 8.4500666735800571 -28.665187504699791 0
v 9.7075283788038416 -29.550031132926968 0
v 18.627503922880962 -31.56950874412707 0
v 19.901713801715111 -31.796454057452284 0
v 20.917253711422489 -31.093202198296851 0
v 13.421948261600026 -30.579341604152443 0
v 13.902427801748368 -31.36952497430832 0
v 21.210820356832791 -23.50105618810192 0
v 21.546872430124903 -22.128032889882 0
v 20.482753412884222 -21.403812287731299 0
v 22.898442906818048 -26.920722028150866 0
v 21.583395040724575 -29.257201736401644 0
v 22.595778365733498 -28.268045597780954 0
v 7.0944240745620037 18.080269722863214 0
v 11.432825486009275 19.488874930174095 0
v 7.9730067561339721 29.180268828934221 0
v 5.7729660141742212 28.591852457811349 0
v 12.820876277448198 20.117692246862912 0
v 14.243772112155979 20.615448715810704 0
v 14.093922286955671 31.315505834294953 0
v 19.677693038372485 23.588834637398044 0
v 20.816464890029692 25.03865481571156 0
v 15.648572960949512 21.138940996726863 0
v 17.091487433278608 21.557065416522097 0
v 16.889137401399907 32.262373291289656 0
v 21.094914210219525 27.07040017786581 0
v 19.260225051359651 30.178345748196779 0
v -10.582754660752839 -8.2258613009327526 0
v -11.487122115478384 -6.8680591890147102 0
v -22.108459090650118 -5.1930286791920324 0
v -17.674002345290504 -12.200438250094601 0
v -7.7067400645444986 -11.072281803346247 0
v -9.9655969638003157 -8.7730683455370215 0
v -15.044216201746766 -15.064442182221606 0
v -13.226533459708746 -1.4686409709723074 0
v -12.438237344447689 -4.6021297496138693 0
v -5.1670511490934707 -22.98838057300912 0
v -3.0257073723906704 -23.740520400147417 0
v -5.0779327808992409 -12.944066955607012 0
v -11.944679483756108 -17.430935651545465 0
v -1.4829412805507269 -23.948775094892763 0
v 0.75048866473598053 -24.746233743597063 0
v 2.447986290310844 -15.63924702119307 0
v 0.46308722005626296 -16.314870372707649 0
v -2.559608490548583 -15.812660012868193 0
v -21.145739842173093 4.8463283441041565 0
v -13.198031019143931 2.5385189601063813 0
v -20.473389374916216 7.3470206884079108 0
v -12.422650083482901 5.6471441307503145 0
v -11.023086412805769 8.5209858261592064 0
v -15.211570835281815 15.348060722114484 0
v -9.0297038557527625 11.009251045282983 0
v -6.6374945952856814 13.073281913100963 0
v -7.6432545913051131 21.399145550361705 0
v -9.0679883066901521 20.859508545561166 0
v -4.5389243036604494 15.947331428093481 0
v -3.058063611923429 14.805547425798306 0
v -0.15990319717720977 15.759033588998143 0
v -5.6298637624433487 20.98654395107852 0
v -2.3308525861887448 23.124121546257136 0
v 3.4680647575828485 16.923876360507659 0
v 4.7198308792336094 27.394111388124184 0
v 2.4150708856869598 26.83125741035375 0
v 14.679812948393796 -19.609705765591379 0
v 13.403700632901181 -18.596414207378 0
v 11.949632946703598 -18.078074238482323 0
v 8.3620811951694698 -16.649111221092806 0
v 7.6955750526892768 -26.715675714677708 0
v 3.9862079379898088 -25.039160695380101 0
v 6.2040154798985938 -16.167943691443707 0
v 4.0064263165570715 -15.669920645746185 0
v 16.363100080940978 -19.479039819231129 0
v 10.322503633296337 -28.796339135108042 0
v 21.712693219843274 -25.839602064837571 0
v 20.609222990944595 -29.942596291168556 0
v 21.728028542521628 -30.094747042470324 0
v 6.5640183643843635 19.40971762622949 0
v 10.89214642592154 20.811794717943577 0
v 8.406442942758849 29.974158363098098 0
v 7.0789844847320813 29.31755161007662 0
v 5.0389919614068077 28.355244226313882 0
v 13.271485264802212 31.681937673188425 0
v 20.380976464879055 23.815550614186662 0
v 20.051846267931428 25.613171235483684 0
v 15.005930255479667 20.721434610885872 0
v 16.887181357814441 22.477053590539807 0
v -22.435268106838027 -6.0367374185032743 0
v -8.8137123946694924 -12.111818982479672 0
v -11.025448793647522 -9.8601579035296361 0
v -14.394613251650792 -1.8552328021932056 0
v -13.925600353298288 -4.9616476554379441 0
v -2.9689602500374277 -22.741654677429281 0
v -5.7038252449868772 -14.329234534657225 0
v 1.0784546159395723 -23.290712217626435 0
v -2.7237838865740498 -14.986209427990199 0
v -14.658155385931753 2.9258423780533396 0
v -13.768486150689279 6.3267274283749337 0
v -12.191294725603033 9.4686558192764831 0
v -9.9670906656355189 12.153778841040221 0
v -7.6440264793971817 14.181605321774567 0
v -8.7984007906947141 19.899171599632052 0
v -3.3071354941255615 16.013717084482842 0
v -0.65012004760942033 16.641538868390917 0
v 2.9842721504622691 17.805396203654293 0
v 3.8073342178121843 27.459624042936355 0
v 2.7416221981860733 25.875533884233541 0
v 14.18463363957494 -18.705860624558738 0
v 7.9824233514457053 -18.050063316697827 0
v 4.0642747620323085 -16.670243286344871 0
v 15.934356372644098 -20.841427353880697 0
v 5.6853029471583429 27.60706733590861 0
v 14.587127962104148 22.069416037071683 0
v -8.0049772847856815 -11.863857428661635 0
v -10.765406987767554 -9.0534911354446237 0
v -13.087131454872543 -5.1740340206247417 0
v -5.7289712200728742 -13.483882684566909 0
v 1.2612112237099726 -24.096602211441752 0
v -14.026272328722943 2.3620668886824308 0
v -13.267534599284053 5.6463760646585355 0
v -11.848741866312462 8.697056584852314 0
v -9.7755005315567232 11.354562874330371 0
v -6.8593712609088389 13.882989314984139 0
v 13.664190977695043 -19.578556283589077 0
v 2.4114696049473294 -23.412083661818802 0
v -11.122639454087423 11.454195447985688 0
v -6.750865644213782 15.348306491997983 0
v -21.644825673304503 -1.7437803511341352 0
v -21.159248935675251 1.0002111901358122 0
v -18.239679129034943 11.466931104635764 0
v -16.619644602566677 13.067133369312847 0
v -10.811408511272646 17.993063228242814 0
v 15.854992427416519 -30.889681120363349 0
v 11.868678900697828 30.029093969853562 0
v 19.900396583861074 28.5456635107764 0
v -19.742474628777973 -9.1107705149866369 0
v -20.712206452012744 -7.2859618944634645 0
v -6.4189187093493363 -21.269512129590112 0
v -14.487832553152547 0.11155878910933614 0
v -18.960785651941546 9.127733623350176 0
v -13.032365509706583 16.246378833796086 0
v 17.687240106994601 -31.212071269018352 0
v 12.715543597391072 -29.441670289724858 0
v 19.620532043158835 -22.108273961211943 0
v 21.594599940688443 -28.256013714495726 0
v 15.244092683974239 30.852756503944214 0
v 18.735999623948505 23.530345853305988 0
v -12.338633790917232 -7.3748077017622267 0
v -21.772266876205954 -4.0601277318397502 0
v -6.7979950624937571 20.405078702017896 0
v 8.7987002834630541 -27.409504896027467 0
v 12.121124681716715 21.200034955936964 0
v 9.5970719860673803 28.80885080761276 0
v 18.992574110420371 26.879390865813519 0
v -13.245889754520714 -14.67076401327334 0
v -3.9085614784114315 -15.6510990237496 0
v 5.5800790612260709 25.789073726894141 0
v 15.52477037562827 23.47159151626121 0
v -8.0249496464391061 -13.241556308624238 0
v -12.175972613755571 -9.0440206511909444 0
v -13.873424008372847 -6.5169301149698073 0
v -15.266546888911384 1.6079564516659006 0
v -14.628283556004529 5.1690431734812865 0
v -13.293817189536959 8.5173509064527977 0
v -21.974542955773561 0.4558777685622506 0
v -19.871403415308983 3.5754050893181959 0
v -10.633994373136854 18.867761148835339 0
v 19.002084547213009 29.135283232530799 0
v -15.10581487577616 -0.90333642916282042 0
v -19.301801126836516 9.9725229332396506 0
v -19.071534602757783 7.6890205303402421 0
v -12.883118235401145 17.192664357802943 0
v -13.827869791333949 15.083774562798995 0
v 19.155252025257788 24.390279732996127 0
v -7.6088302772216405 19.403347106882872 0
v 10.125166033171277 -27.482599410226484 0
v 9.9904679873717566 29.655677064974622 0
v 17.140797242010144 24.219840827317476 0
v -6.9381951619304401 -13.94290238190472 0
v -21.293470436456833 -0.5665735226545292 0
v -9.1721033287648286 18.115905864224764 0
v -17.851811226734696 10.066615895040794 0
v -11.415899123916343 16.476343588946598 0
v 11.178796316418747 28.588845271522523 0
v 18.144131546087873 24.351073535156317 0
v 17.899956929154406 30.286355226370716 0
v 1.539793001977118 -18.155587454673576 0
v 5.7863985930175623 -24.22384538073316 0
v -0.12801421704564769 18.426153533955791 0
v 3.5056598945862585 19.58260562188811 0
v 14.116782524549949 -21.394548602657441 0
v -17.174110507979915 12.008313678643031 0
v 16.875956991791462 -30.455032385104204 0
v 18.784695280126972 -29.740573092574898 0
v 14.959104338846007 -29.052196255979688 0
v 20.072377449159507 -23.196645946478448 0
v 17.790167153704378 -23.033196833864885 0
v 20.494378678261103 -28.744357185066999 0
v 20.845639542508582 -27.00831950171651 0
v -21.272702182520543 -2.9259333875274138 0
v -19.932042133083762 -5.2225542575878796 0
v 4.1451406257235908 25.316549844494673 0
v -15.779177601066451 -11.90424452773494 0
v 18.904656275943225 28.007727742108017 0
v -15.94573231224045 0.30369591636080678 0
v 18.601870269607701 25.603984552277524 0
v 16.641044357414785 30.431087135218164 0
v 1.2610288771256077 -17.083385521716078 0
v -1.6267202875625744 -21.479047957549511 0
v 3.0119892527047338 -17.76975421975331 0
v 5.0012838339965136 -24.885376528707546 0
v -2.5807980354107971 21.274489616805436 0
v 17.869784875099811 -30.20322009010733 0
v 15.147915443385994 -30.097282103877376 0
v 20.216805461546997 -24.93750681705988 0
v 18.937363161194739 -23.029875820718566 0
v -21.016086740873661 -4.9008603282987417 0
v -16.437663736866195 -2.6400488986171662 0
v 17.401186310444004 28.705624486295889 0
v 17.510740420609551 25.292547436385291 0
v -0.50030730308983129 -18.11365837989965 0
v 5.7008699459118066 -25.658757294167437 0
v 4.2486563205658214 -23.195488917898437 0
v 17.507094579752284 -28.350012836272089 0
v 16.200031132517104 -29.367602185008003 0
v 14.11883090514363 -29.743603557995428 0
v 18.368867418566595 -24.79403870977287 0
v 19.355100201427589 -24.13257538546824 0
v -20.092748842273689 -3.7767495219974774 0
v -15.52681788333415 -1.9595178358738803 0
v 17.68329584418473 27.344968059250956 0
v 15.642417983383396 25.336729534649997 0
v 0.52565593456209458 -17.846915954538623 0
v 6.9109989009445503 -25.785647029688533 0
v 13.682930265759461 -28.357550106509152 0
v 18.366046086031321 -23.819450149695015 0
v 16.870140994694648 -24.311079003148357 0
v -16.483427227492864 -0.96620669404707127 0
v -15.094982579700378 -3.4873198728005832 0
v 17.8130277089851 26.300596936350352 0
v 16.569540498676037 25.016993786441557 0
v 16.774318745443079 26.062729466990522 0
v 0.48553505062734126 -19.799036958786175 0
v 22.733411659127523 -25.910912169509682 0
v -4.040713354098985 18.164146006443179 0
v -11.685721386297727 10.476901744023635 0
v -13.136652554816767 11.963737526425295 0
v -12.201504629940288 11.424938495686476 0
v -11.713936547430112 13.352097305965904 0
v -13.391460911743811 10.44056009316396 0
v -12.229499876527777 12.457277623965028 0
v -13.24548874423321 13.638588818864017 0
v -17.302230159042452 13.660516735826505 0
v -14.984210767262127 13.632622304429756 0
v 13.8703371935131 29.134438764224541 0
v -17.588866424153565 -9.6015860297868958 0
v -4.3360200593515454 -20.435229682887069 0
v -7.2189129780468981 -19.198099079461052 0
v 11.829286630681406 -27.968476352253024 0
v 13.106821351249318 22.33620713918102 0
v -4.8069827807957344 -14.991238912929997 0
v -6.4289551508011478 -16.250091004098255 0
v -5.0835120623436527 -16.309287820917149 0
v -5.795499703282001 -15.391924860256998 0
v -6.9993334603412416 -15.166190501597747 0
v 7.5075471413224584 26.589555491890451 0
v -10.422043643234103 -14.074946405020849 0
v -19.326978459876315 5.3956331541399232 0
v 9.4771054024474957 -25.107053586382118 0
v 17.343991321549414 23.300424276044065 0
v -8.5131602917624356 18.908606818199292 0
v -7.4373916984290354 17.344132116853359 0
v -7.6282601712026104 18.364985486317028 0
v -5.8397181715219109 18.171118361153258 0
v -6.6691317747530086 18.866400806907599 0
v -5.3874868354705843 19.552944020774856 0
v 1.5699536971195722 18.826840455126948 0
v 11.942739432589775 -20.971980692197278 0
v 19.661120439440591 -30.165253926892451 0
v 19.600022684508161 -29.174651592475939 0
v 19.402695465031879 -27.619916670862061 0
v 18.610120902839103 -28.618777518278499 0
v -19.54016433213171 -1.7309113927138788 0
v -20.603483593651163 -6.1478775026496502 0
v -18.62742001546982 -6.8754963615630178 0
v -19.51283870685339 -6.2330108058083109 0
v -17.931179710988904 -4.9846505011337152 0
v -18.898060332868845 -5.3857757847113756 0
v -18.860691431247439 -4.1099934564494713 0
v 2.6658359906636808 23.643751191558206 0
v -14.673050198716169 -13.312557639790018 0
v 4.8683498629938136 -18.493082022338708 0
v -0.36611510181181828 21.916917746085431 0
v 21.200208633812434 -24.555864316867297 0
v 17.188092624301973 29.641916628601805 0
v 15.572362151516122 29.106092489280311 0
v 3.412434892253458 -24.002476442132934 0
v 15.960398877641781 -27.71156477453491 0
v 1.9271521591929701 -21.350416016443848 0
v -3.977190578333222 16.985478074323417 0
v -2.4808146620583793 17.30037821454393 0
v -4.9427083777162215 17.524488452601545 0
v -6.1444063639586135 16.802968380180975 0
v -10.988642320112097 12.537003794874096 0
v -9.798514368616587 14.156320589561911 0
v -10.670591947514458 13.550255234132322 0
v -11.041102508066182 15.013845264464086 0
v -15.458101502220421 14.442600056263366 0
v -14.51915158903736 14.44833042461542 0
v -15.216918137614961 11.657989016037153 0
v 14.30982575482895 30.191379593629875 0
v 13.224296336457957 30.022912931262372 0
v 12.541111996478604 28.847028924134584 0
v -18.736329555231748 -9.666217094495174 0
v -18.109294229287453 -10.580259170341785 0
v -18.238396912934313 -8.2881637162954309 0
v -16.651805533971118 -10.727595935330713 0
v -5.2598139591643669 -21.146113543703212 0
v -4.2077772521744325 -21.557558495499627 0
v -5.6951156274192423 -19.624761601740875 0
v -2.9377612631648331 -20.843948992476577 0
v -7.1143434600407165 -20.347901824916939 0
v -8.116679892728472 -19.859403486092678 0
v -8.8401067166764324 -17.937258206777521 0
v -8.2073210545299311 -18.796308934193064 0
v -7.159087791997397 -17.634286159422846 0
v -9.3502116195056999 -18.975590360491189 0
v -10.304910410616948 -17.862105752893349 0
v 10.887635864791276 -28.039759337702861 0
v 11.261813802711096 -26.727401668529499 0
v 11.96094757986465 -28.892448699777947 0
v 12.724786395010469 -28.312239240992259 0
v 13.284181995200848 -26.636369910617631 0
v 12.586303958725082 -27.334718403972818 0
v 12.256117809925758 -26.306876496946813 0
v 13.354250828838234 -24.649149011660164 0
v 11.144296764157732 -25.063794709960206 0
v 13.038966814620645 -25.632877941461146 0
v 14.940488836503436 -25.699925057500952 0
v 12.245465197591594 -24.836173016113573 0
v 12.484575724829716 -22.873486668220707 0
v 12.65608459150878 -23.890289658622486 0
v 14.234457508663814 -23.138747397108364 0
v 11.226094697319629 -23.60862658041723 0
v 10.8183927142955 23.184554250652134 0
v -3.4808684966439944 -17.792397703454046 0
v -8.0671832097976672 -14.499648939416867 0
v 6.7689295487646763 27.40724671886381 0
v 6.4616236246050187 26.387217422082262 0
v 8.0567164857399582 27.828059160544473 0
v 7.0811951067333476 24.525410252146681 0
v 7.1592741592725124 25.585387335658645 0
v 8.999281590002461 24.916986173138238 0
v 7.9850160053125565 24.991698067487203 0
v 8.3597052194784816 23.156329040457869 0
v 8.5719238603750565 26.037343713779979 0
v -9.3410262255258498 -13.320199040705328 0
v -19.940021928056822 6.3479226873876584 0
v -20.328071485982978 5.4246424867491196 0
v -18.681470128997677 6.4846543543104049 0
v 8.2054805828596908 -25.489567011350605 0
v 9.5211623227911453 -26.371204622918953 0
v 2.0593150367703874 18.014549672786913 0
v 2.7330402281731114 18.844186834777446 0
v 0.89961850311566927 17.869447408978846 0
v 2.1304292169052426 20.248120298608015 0
v 12.574392238755864 -19.992269274235191 0
v 11.45256473376857 -19.478656514939626 0
v 13.064983675326383 -21.002049607978829 0
v 12.480830149373011 -21.846602552091721 0
v 11.026330464086151 -22.138614770493245 0
v 13.457992569532935 -22.356487226364763 0
v -20.594458397425523 -1.4162413346945735 0
v -19.568466567940099 0.097790502657363554 0
v -17.509488906795983 -3.6052812453644578 0
v -19.200011256853397 -2.9203334352915054 0
v 2.3418926921209766 24.771929669955888 0
v 1.2099005624568715 24.277774671024382 0
v 3.4169434067200219 24.470020440317803 0
v 4.50613713681558 22.725379572572585 0
v 3.7155007393495567 23.444095490455645 0
v 2.8724901406545689 21.871141326481574 0
v 5.0541432477261852 24.12245843801017 0
v -15.223808770952893 -14.111131366614776 0
v -14.24305245252785 -14.419940360725494 0
v -15.844327960103268 -13.09396321242917 0
v -13.477919697301774 -13.485662972340002 0
v 4.7881773402037311 -17.439684294146776 0
v 5.9943381290427755 -17.877634973084888 0
v -1.1595568348269518 22.828000434983636 0
v 15.236781421531534 27.214523031874219 0
v 1.8259502247767121 -22.461910539650127 0
v 3.2077053586427899 -22.2659320891334 0
v 0.20809249714702682 -21.754249576372477 0
v -1.5999605479748622 16.875113471972071 0
v -0.89773741097411675 17.682662482603956 0
v -1.8308803438533616 19.418914890344862 0
v -1.1194523350396508 18.682385999783779 0
v -0.20501738403468001 20.174403634781914 0
v -2.1821853684618939 18.367726602630057 0
v -3.2247688722595189 19.300452788023094 0
v -7.0955142919620684 16.34574267727988 0
v -8.9559027325008724 16.266420966851783 0
v -7.9904126251381102 15.478262300869643 0
v -5.2139571304665893 16.614776335557451 0
v -5.857058898129508 15.829421480668353 0
v -12.43608937539774 14.984919426691738 0
v -16.140314975867469 12.141538829559709 0
v -16.476915063422933 10.675859086964865 0
v -5.8082597944432814 -17.462156285748897 0
v -7.9252807095454418 -16.345474099522942 0
v 11.189890096751943 22.008575667176274 0
v 12.31764254833384 26.302927214211266 0
v -3.3442556622087025 -16.651749257333016 0
v -4.3380711078965222 -17.111227397970211 0
v -1.9309284445737365 -17.399525324684564 0
v -4.7513173870607446 -18.51121567229486 0
v 8.6823374608476858 28.545484674056773 0
v 9.4371628052986232 27.25575488807792 0
v -10.879998011180268 -11.929376495184343 0
v -9.2908411358932401 -14.543617790242038 0
v -17.073690130897955 4.7958355576398359 0
v -16.741493379943851 7.778314148617981 0
v 8.1632022127877946 -23.044070292304397 0
v 7.2629194544235567 -24.34644693283478 0
v 10.326914319792134 -25.710280132803309 0
v 8.5741248149329223 -26.361958529927588 0
v 9.8557842193595917 -19.379694600617828 0
v -17.764153660585983 0.32485634367788996 0
v -20.237301001589074 -2.57362962150036 0
v -17.907404149444037 -1.9073214895097168 0
v -11.954284223530376 -13.802616650559656 0
v -13.798553304478361 -11.487156184751703 0
v 6.9989588881794331 -17.841883932272044 0
v 6.5600252414611804 -19.640674917510765 0
v 7.2956784138084583 -18.867237114476712 0
v 8.290226445068086 -20.549774768721633 0
v 8.5547651200290389 -19.228207583392528 0
v 7.5541527978668537 -19.849660407203963 0
v 6.688970826510042 -21.496276987535282 0
v -1.9585681718336816 22.132109964393234 0
v -1.3007454640556 21.000305817825662 0
v 0.2224263083828949 23.230502183468811 0
v 15.790386104519129 26.351402341858016 0
v 16.565961611085811 27.173739117494204 0
v 14.358491654618007 26.042087849901769 0
v -2.5982307264202387 20.188119927970757 0
v -4.0698737307300679 20.755059712712267 0
v -4.328841297278883 19.232146017204737 0
v -9.1023321499010503 15.101606306250664 0
v -10.106196155659255 15.819413725498309 0
v -8.7203588310776396 14.091286992583507 0
v -9.3207252638510454 13.107733397393776 0
v -11.751280683985101 15.611120854169446 0
v -11.724581034739913 14.323494879339368 0
v -6.3690751831137735 -18.447559656459166 0
v 12.020957586752454 22.917782160548374 0
v 9.6007264631289644 22.153219319014109 0
v 12.070593062597489 27.60649304715367 0
v 9.9993080795315841 25.940129975471542 0
v -10.403887067344266 -12.949412768142937 0
v -9.8512463245534363 -12.070330186552621 0
v -10.235903402839465 -11.053099857411249 0
v -11.333063880251554 -10.921502325519382 0
v -12.383391608381412 -11.999421761745779 0
v -10.546229827456498 -15.974178449066125 0
v -8.6448480180848826 -15.472425527384557 0
v -9.6576826934156816 -15.487809517799553 0
v -9.51590234398898 -16.801655562280825 0
v -18.115747305069068 5.4135063496078928 0
v -17.89392127929462 7.4050712005400499 0
v -16.859278320476381 -0.058280808200204093 0
v -16.844200354096536 1.2374442517854787 0
v -17.70667910683499 -0.79951758001785844 0
v -18.604259572918707 -0.28174322284440956 0
v -18.739149562256753 0.79012098949872522 0
v -19.909759801956021 1.349482286895417 0
v -13.950544781787761 -12.536515253081081 0
v -14.748963251704915 -11.885183640183463 0
v -14.949635820405403 -10.072309535360588 0
v 5.8243822007058785 -18.904439704005227 0
v 4.6171423420198279 -20.393542460731599 0
v 5.5490800765663497 -19.915163674533467 0
v 5.5695003739105466 -21.101895954690722 0
v 6.3806547277053598 -20.585420597227014 0
v 4.391945473233263 -21.690696072927913 0
v 5.6624752709681516 -22.624009207035087 0
v 9.2797394230592634 -18.664423902618044 0
v -1.1441512414052459 20.068255328641325 0
v 15.928167008150748 28.067417454063776 0
v 14.812170661271221 28.265404827606766 0
v 13.91311336933984 27.290915757981047 0
v -9.9328491220655497 17.076877166634382 0
v 13.451431435887683 24.284131950993547 0
v 10.768611377759896 27.320501568186671 0
v -8.5922973325614933 -17.020903308102181 0
v -18.703849539594049 4.2177250962863466 0
v -16.894709091780506 6.2856399462638866 0
v -17.685108414022107 8.726083189116455 0
v -18.669056258545815 2.4413947556927589 0
v -20.807708284402953 2.152211676476262 0
v 3.255535879722673 -20.825280879819456 0
v 13.376543520771779 28.200723243983475 0
v 12.931168902242655 27.094394747921292 0
v 13.334920409028719 26.147887304639426 0
v 12.665509679083247 25.170520212555857 0
v 11.277077848362527 25.363638748129514 0
v 12.301447678452542 24.056106959375615 0
v 13.038514664960418 23.352736500268403 0
v 13.973529003482565 22.905006056862089 0
v 10.31409619359297 28.167991879335819 0
v -16.265631423817496 9.1957145720092441 0
v -18.972609778134622 3.3239549230857257 0
v -19.661529335928364 2.5935202462660718 0
v -17.470630420704389 3.34707235676305 0
v 11.278199371992194 26.40842091698207 0
v -11.930378144010001 -18.360275064958383 0
v 7.4094276970406963 18.976476854898607 0
v 7.5842324062801927 20.35905399228621 0
v 8.7744143296848804 20.294093637052811 0
v 5.8127786589835626 21.239904978154211 0
v 8.2510062892557734 21.639924346847362 0
v 6.5327652455852565 20.466164024061435 0
v 7.1585356067642616 21.394640178949068 0
v 5.144732097937835 19.896416007920578 0
v 6.3025360181743961 22.909906388611041 0
v 6.4104402549547821 21.97144587286391 0
v 7.4197110437227556 22.506903579136555 0
v 5.4537211614839212 22.336875939038347 0
v 7.3995015229550818 23.541153253584802 0
v 4.5269478281773452 21.426278724351594 0
v 3.8115291118014758 22.064535324981378 0
v 3.5343753792700117 21.033792077028302 0
v 15.554752918587104 -19.973309403972074 0
v 14.772863592896735 -20.620284350974455 0
v 15.182019485689311 -21.632087728696625 0
v 16.561796766297821 -22.191721230247168 0
v -22.551812939523813 -1.7406109214977645 0
v -13.400935360250262 -15.838013782006167 0
v -11.951191317992762 -15.436660832024085 0
v 15.422465550019574 22.525412267564171 0
v -13.901870710781084 -8.3696737089328757 0
v -14.604549019663692 4.046927816452512 0
v -15.790050704719784 4.5831612480265589 0
v -15.700690661046146 5.8507625748298207 0
v -13.485379826044438 7.4121212267492425 0
v -14.922637987786311 8.2304483344228387 0
v -14.601268529770136 7.1235630139178365 0
v -15.684130370038138 7.4092637925585096 0
v -14.758668999834802 6.1482919566041261 0
v -11.655807631290745 17.450779526090248 0
v 4.4437094487113198 18.877216149603203 0
v 17.80693970316333 -21.838498466517596 0
v 21.705363320417284 -26.740149805342849 0
v 4.6149629851151648 26.304854187630205 0
v -15.149514747141666 0.7180416800838777 0
v -1.1186418534897107 -22.572558231755995 0
v 2.3265019107838647 -16.941888757346348 0
v -3.6128951962013622 21.83915116108043 0
v 20.630539169519093 -25.942754127724537 0
v 19.209446570815935 -25.939874281052418 0
v 17.246219367515316 -29.363163195948708 0
v -14.409103327182549 -2.8153312703536653 0
v -14.20026566414567 -3.9785827729910279 0
v -15.231674333898244 -4.796657953266152 0
v -16.278822661587625 -4.0255339943802344 0
v -14.690646742756304 -5.7658297296223475 0
v -16.49461290286602 -6.1372737622045479 0
v -15.320823120708152 -7.2716162769712858 0
v -16.258513171302994 -5.0945045947470327 0
v -13.169444117432347 9.4877488219610875 0
v -14.615446785257964 9.6530843040534009 0
v -14.111781013330011 12.741333020555835 0
v 13.753585023466904 21.684633544208072 0
v -6.2770237097437338 19.673974662533755 0
v 20.333617574903066 -27.808274624146435 0
v 15.762703309278367 30.046044986410596 0
v 16.551899396351331 -28.471329711133656 0
v 16.923014090265696 -27.57227223650435 0
v 18.169614689799953 -27.24427102493916 0
v 16.24774629946133 -26.301509127705216 0
v 14.775148728653761 -27.870562428172903 0
v 13.909859486489861 -27.398197702125074 0
v 14.808117576284952 -26.781457941062811 0
v -14.108071038653136 11.343341748764646 0
v -14.90101801275684 10.660085994185978 0
v -19.448701443490478 -7.8615610987663196 0
v -19.847188049042206 -7.0617166064664598 0
v -17.442803870725367 -11.269758132207956 0
v -16.74457797360348 -11.937267686363375 0
v -3.2427767873989604 -21.788043727825372 0
v -1.5431626309205637 -19.635812267311909 0
v -10.298616048896406 -18.822729411028554 0
v 10.289955377073682 -24.285887380731349 0
v 10.083775869298059 -23.015280469575519 0
v 9.0855260191382108 -23.906547776133664 0
v 9.5622629686590983 -21.509540780920936 0
v -3.2529004472522289 -19.32593059490625 0
v -20.583537647982393 0.16175029880874126 0
v 5.0293087876041653 25.046588225365149 0
v 6.0106911566170789 24.610562667755165 0
v 0.97305542387695465 19.883375153571169 0
v 1.1194378047174485 21.437494338365749 0
v 0.20810082868961211 19.316778893360009 0
v -17.416825176046729 10.94097562244335 0
v -7.1479405289785269 -16.755504026995272 0
v -0.74949823248167458 -16.822815424346871 0
v -1.5897811566685913 -16.201671585517474 0
v -4.7042127790970731 -19.507876020562502 0
v 8.5187611653992228 26.991521227387683 0
v 6.4722976779650976 -24.915746814067248 0
v -18.195804548728717 -2.8705132528238329 0
v -16.944538272332075 -1.8163603456459356 0
v 1.5184583243572067 22.997653790807878 0
v 0.73615345614630368 22.366627423920967 0
v 2.431488868480832 22.718079574016858 0
v -0.37247330653194466 23.937531385935291 0
v -4.7763150589526457 21.366485772688563 0
v -4.9244005066418053 20.368526586061861 0
v 9.5863599613482631 23.404679911490259 0
v 10.401676112864457 24.410088351310954 0
v 8.8310897300104241 23.98158872047075 0
v 11.315030827852992 24.037040219956538 0
v -12.69385345707631 -10.646226000610177 0
v -11.983107095301875 -9.9911605622438326 0
v -12.919232572908143 -9.6885767193097827 0
v -13.759961944461228 -10.391784878578894 0
v -14.131857199553995 -9.4018488783327747 0
v -15.226938121900918 -8.6161358298429747 0
v -16.688067052894663 -8.0426257451906871 0
v -12.581965970066936 -12.999331540558677 0
v -11.513072408535031 -12.810980848832784 0
v -18.664421662933311 -1.2696872688416907 0
v -15.618532975909581 -10.873202885684286 0
v -16.004240748737462 -9.8712896928812075 0
v 4.7848176326230805 -22.487324636524249 0
v 5.1804345348623446 -23.466065723658108 0
v 6.6018126633484435 -23.355965763133266 0
v 14.533228002368606 24.838940499857877 0
v 13.64849182420236 25.231970476877198 0
v 15.389142013567836 24.41642601568735 0
v 14.560146370605258 23.815274212376032 0
v -17.925980699872678 1.5827281245652154 0
v -17.09787473808548 2.3099382227529084 0
v -16.105856908656477 3.2520316864284653 0
v -16.74455627901138 3.9268980468483718 0
v -16.078397148875652 2.2297761008311761 0
v 3.5151401411518202 -19.281044275280799 0
v -16.93570441931768 9.8552169446527262 0
v -17.784133936249408 4.2117273800966366 0
v 9.1805952991487345 21.226756649018302 0
v 5.6808112517561238 19.146927940131651 0
v 3.013004482240536 20.318231418620027 0
v 2.5103590775357034 21.055561921293155 0
v 1.9632203168292053 21.786686657666277 0
v 4.2189651293712478 20.294368362036753 0
v 13.847978067650546 -20.493782131127208 0
v 16.771669171194834 -21.27327677447181 0
v 15.482379790283943 -22.872287205445712 0
v 15.12845855596632 -24.270204585842126 0
v 16.495854274272634 -23.283424472982816 0
v -12.455109432893 -16.435454299010846 0
v -11.421148521577354 -16.53389543252694 0
v -10.975921950157147 -14.992405782742988 0
v -12.342194306380474 -14.620375901455187 0
v -12.867808490774175 -8.268906591099114 0
v 19.870230109888276 -26.715002398648434 0
v -14.314270722060801 -7.4367516111582246 0
v -15.520177201760713 -6.3034273048708744 0
v -14.186079741269644 8.8158866143472583 0
v -15.341001822622097 9.0652700902123691 0
v -15.917493980331548 8.321168987435934 0
v -15.678330188955872 10.016433654778636 0
v 17.936947834218454 -25.992132804827975 0
v 17.432355005177101 -25.13332253007075 0
v 16.379203910927593 -25.250090606223441 0
v -1.9809202498664147 -20.539479581199252 0
v -0.71042460857409861 -20.597073756009632 0
v -1.5821202244622086 -18.490805186048956 0
v 8.2605163297874125 -24.484032181979643 0
v 10.680993580204667 -20.92410365771028 0
v 9.7181910645529666 -20.445881090654598 0
v 8.3428714876447074 -21.802837937797499 0
v 7.5980459810214578 -21.20649287632391 0
v 7.4139397064993089 -22.199748830452361 0
v 9.1162747431475513 -22.54840842009208 0
v -3.84536611024504 -18.63029306096308 0
v 0.18694452912144488 21.089344931788006 0
v -16.308062332265251 -7.1187114925489849 0
v -17.449935945404558 -6.8273090081732448 0
v -17.436478021641385 -5.8396221944226987 0
v -17.381460817976333 -8.6816989020427915 0
v -16.450575629942819 -8.9960060773702573 0
v 4.496706678662119 -19.410790147164086 0
v 3.8646283776400332 -18.325288273546647 0
v 2.4907978484158559 -18.782675026557214 0
v 1.4817726399200248 -19.278241127707144 0
v 1.4210044708243763 -20.375253138201177 0
v 2.403266253895957 -19.879475694163094 0
v 9.9384090371030815 20.615222539943872 0
v 14.166893253949642 -24.111050323535032 0
v 17.179250454286983 -26.621315375166368 0
v 0.26598001056729742 -20.765173044084872 0
v -2.6456477843375179 -18.451948371976528 0
v 10.621061790957274 -19.963458787029616 0
v -17.53286105240046 -7.7257559039449513 0
v -18.302112500673804 -6.0469529840433554 0
v 0.10347961190695343 -22.828258719870334 0
v -8.5159832004474243 17.255225692672223 0
v -20.881306478412267 3.2202207628133781 0
v -0.49030680052208842 -19.238826431186499 0
f 334 527 304
f 660 442 344
f 282 334 304
f 1033 298 297
f 298 1033 441
f 278 438 279
f 332 428 285
f 255 254 450
f 284 283 333
f 346 443 633
f 347 444 588
f 284 332 285
f 255 534 256
f 333 283 304
f 341 279 438
f 2 442 356
f 272 271 335
f 530 437 338
f 335 305 272
f 610 436 529
f 275 338 437
f 273 305 339
f 276 437 340
f 440 343 1059
f 274 273 339
f 455 150 149
f 881 438 306
f 338 275 274
f 151 531 439
f 276 340 277
f 431 334 281
f 278 306 438
f 154 532 155
f 448 268 267
f 342 295 294
f 350 349 449
f 342 307 295
f 1088 448 349
f 447 268 448
f 526 292 583
f 297 345 1033
f 541 909 911
f 298 441 299
f 297 296 345
f 345 296 307
f 497 240 239
f 451 1203 352
f 388 245 389
f 429 291 290
f 349 266 449
f 288 430 289
f 612 674 589
f 292 526 293
f 535 169 168
f 173 454 355
f 427 611 330
f 535 612 446
f 288 287 331
f 283 282 304
f 531 586 439
f 329 82 425
f 531 151 150
f 343 153 152
f 75 74 303
f 148 357 456
f 523 663 329
f 428 287 286
f 290 289 430
f 536 335 432
f 300 299 344
f 267 349 448
f 651 591 348
f 262 261 346
f 163 435 164
f 346 308 262
f 489 188 187
f 269 447 1012
f 263 308 351
f 449 265 350
f 164 528 165
f 264 263 351
f 446 348 170
f 654 674 336
f 350 265 264
f 435 337 584
f 335 271 432
f 533 443 259
f 528 609 433
f 254 253 537
f 10 462 11
f 442 2 1
f 1205 359 310
f 352 253 252
f 534 444 256
f 313 22 368
f 450 254 537
f 347 258 257
f 477 122 121
f 173 172 454
f 347 257 444
f 65 64 325
f 346 260 443
f 1046 678 627
f 259 443 260
f 95 326 420
f 371 313 803
f 953 1115 850
f 445 171 348
f 278 277 306
f 162 436 337
f 173 355 174
f 340 530 879
f 158 426 159
f 127 126 377
f 72 327 73
f 331 430 288
f 282 281 334
f 153 440 154
f 525 426 158
f 521 327 421
f 153 343 440
f 336 166 433
f 40 381 41
f 525 158 157
f 774 399 571
f 336 434 167
f 408 112 111
f 346 633 308
f 309 174 355
f 113 112 323
f 168 167 434
f 56 577 57
f 603 194 561
f 786 880 882
f 405 509 507
f 528 164 435
f 165 433 166
f 236 235 320
f 435 163 337
f 502 233 232
f 243 242 390
f 336 167 166
f 529 161 160
f 519 99 98
f 72 71 422
f 349 267 266
f 159 524 160
f 642 669 680
f 319 620 613
f 3 2 356
f 491 247 246
f 359 4 310
f 1 300 442
f 451 352 252
f 183 182 393
f 5 358 6
f 8 7 360
f 360 7 458
f 232 231 503
f 234 233 394
f 4 359 5
f 182 181 493
f 300 344 442
f 392 491 565
f 361 459 144
f 273 272 305
f 457 614 357
f 426 524 159
f 263 262 308
f 357 147 457
f 496 199 198
f 9 363 10
f 10 363 462
f 311 363 9
f 4 3 310
f 362 12 11
f 463 141 140
f 1153 496 606
f 296 295 307
f 675 660 344
f 343 152 439
f 200 199 395
f 569 397 320
f 364 15 14
f 226 225 398
f 367 16 312
f 312 15 364
f 237 498 238
f 572 217 508
f 367 18 17
f 366 465 19
f 19 18 366
f 394 233 502
f 739 1049 507
f 16 367 17
f 216 509 217
f 12 362 461
f 499 225 224
f 230 401 400
f 22 21 368
f 23 371 24
f 23 313 371
f 208 207 403
f 211 402 739
f 465 20 19
f 507 213 739
f 506 202 494
f 26 25 370
f 29 28 372
f 314 29 372
f 219 572 501
f 322 403 504
f 371 469 24
f 401 628 400
f 370 468 26
f 206 205 505
f 314 375 30
f 628 401 321
f 140 365 463
f 490 564 390
f 635 362 666
f 677 312 665
f 369 466 136
f 542 311 360
f 23 22 313
f 546 137 466
f 139 464 365
f 175 174 309
f 456 149 148
f 169 535 446
f 370 668 636
f 132 373 470
f 144 459 145
f 470 133 132
f 625 687 366
f 464 616 365
f 667 678 1046
f 249 248 319
f 42 41 316
f 317 382 556
f 128 315 376
f 30 375 31
f 30 29 314
f 129 128 376
f 34 474 35
f 130 549 471
f 16 15 312
f 128 127 315
f 315 127 377
f 476 124 123
f 244 243 318
f 475 126 125
f 9 8 311
f 373 471 596
f 47 46 317
f 135 467 369
f 482 600 858
f 32 472 33
f 318 729 717
f 374 34 33
f 474 34 374
f 1047 407 323
f 117 116 482
f 551 35 474
f 381 40 478
f 36 473 37
f 315 622 618
f 377 552 315
f 41 381 316
f 379 43 380
f 375 472 31
f 885 936 788
f 24 469 25
f 381 555 1113
f 380 42 316
f 121 120 554
f 247 392 248
f 380 43 42
f 478 40 39
f 368 465 748
f 14 13 364
f 379 44 43
f 624 310 356
f 45 382 46
f 47 317 386
f 144 143 361
f 479 382 45
f 464 139 138
f 119 118 481
f 132 131 373
f 475 377 126
f 1203 451 590
f 202 201 494
f 143 460 361
f 107 106 324
f 1147 323 408
f 451 251 538
f 239 396 497
f 564 318 390
f 140 139 365
f 242 241 490
f 465 21 20
f 462 544 362
f 318 243 390
f 181 567 493
f 453 540 353
f 176 453 177
f 457 147 146
f 244 389 245
f 388 246 245
f 360 458 542
f 491 392 247
f 318 389 244
f 467 135 134
f 235 234 394
f 1112 386 317
f 320 235 394
f 527 431 341
f 717 389 318
f 236 320 397
f 561 193 486
f 468 27 26
f 236 397 237
f 476 123 378
f 37 473 550
f 490 390 242
f 472 374 33
f 498 237 397
f 239 238 396
f 118 117 383
f 308 350 351
f 503 231 400
f 249 391 250
f 451 252 251
f 332 284 333
f 452 180 179
f 319 392 565
f 178 539 179
f 517 642 417
f 354 453 176
f 452 179 539
f 319 391 249
f 157 156 330
f 302 301 681
f 177 353 178
f 812 810 1084
f 428 331 287
f 354 176 175
f 291 583 292
f 186 563 187
f 488 189 387
f 488 190 189
f 441 344 299
f 310 3 356
f 184 492 185
f 632 779 429
f 446 589 756
f 319 248 392
f 489 387 188
f 492 184 566
f 340 437 530
f 338 274 339
f 566 184 183
f 1158 1035 1157
f 431 527 334
f 487 191 190
f 191 487 562
f 270 432 271
f 230 400 231
f 1054 380 316
f 398 227 226
f 1082 331 631
f 398 321 228
f 285 428 286
f 631 428 332
f 222 500 223
f 401 229 228
f 290 430 429
f 227 398 228
f 500 222 221
f 532 154 440
f 401 228 321
f 632 430 331
f 224 223 500
f 532 611 427
f 342 293 526
f 221 220 501
f 643 330 656
f 499 398 225
f 79 425 80
f 579 518 418
f 500 501 399
f 523 425 302
f 509 216 215
f 509 214 507
f 630 423 329
f 495 200 395
f 70 69 516
f 71 70 422
f 507 214 213
f 82 423 83
f 214 509 215
f 424 328 649
f 500 221 501
f 973 974 786
f 402 322 570
f 540 354 309
f 722 731 732
f 458 7 6
f 403 207 505
f 400 628 709
f 148 147 357
f 444 257 256
f 496 198 568
f 560 196 195
f 194 193 561
f 817 818 308
f 817 308 633
f 395 199 496
f 171 170 348
f 350 264 351
f 486 193 192
f 123 122 378
f 209 208 403
f 403 402 210
f 210 209 403
f 189 188 387
f 50 483 384
f 403 322 402
f 550 38 37
f 461 13 12
f 203 506 204
f 506 505 204
f 505 207 206
f 28 27 372
f 136 135 369
f 204 505 205
f 677 625 312
f 375 314 1046
f 200 495 201
f 210 402 211
f 460 143 142
f 523 329 425
f 230 229 401
f 280 341 431
f 258 533 259
f 649 580 424
f 68 578 69
f 522 423 328
f 303 421 301
f 175 309 354
f 122 477 378
f 557 482 116
f 427 156 155
f 427 330 156
f 809 631 332
f 114 113 407
f 48 47 386
f 304 332 333
f 406 115 114
f 280 431 281
f 46 382 317
f 1109 785 873
f 280 279 341
f 485 51 384
f 432 1012 536
f 432 270 269
f 110 510 111
f 108 107 412
f 162 161 436
f 323 112 408
f 1034 339 305
f 437 276 275
f 107 324 412
f 340 306 277
f 411 109 108
f 163 162 337
f 113 323 407
f 881 879 786
f 106 105 409
f 442 660 356
f 48 385 49
f 358 5 359
f 51 50 384
f 483 50 49
f 461 635 665
f 469 547 370
f 54 53 484
f 558 55 601
f 573 1147 408
f 1070 645 670
f 381 478 555
f 559 52 485
f 625 367 312
f 485 52 51
f 171 445 172
f 385 48 386
f 1195 409 574
f 576 512 60
f 62 61 575
f 576 60 59
f 111 510 408
f 55 54 601
f 109 411 1013
f 514 102 414
f 512 61 60
f 64 63 413
f 325 64 413
f 845 512 410
f 513 58 57
f 325 416 65
f 59 58 410
f 409 324 106
f 514 103 102
f 104 511 105
f 479 45 44
f 294 293 342
f 118 383 481
f 647 952 907
f 439 152 151
f 409 511 574
f 1033 307 623
f 1058 439 586
f 519 98 419
f 416 66 65
f 541 1103 355
f 96 95 420
f 335 536 305
f 265 449 266
f 420 520 96
f 170 169 446
f 97 419 98
f 261 260 346
f 629 415 416
f 417 94 93
f 591 355 454
f 579 517 91
f 544 363 311
f 18 367 366
f 417 326 95
f 360 311 8
f 92 91 517
f 424 518 87
f 471 373 131
f 86 522 424
f 382 479 556
f 117 482 383
f 85 522 86
f 477 554 599
f 89 518 579
f 468 636 667
f 95 94 417
f 393 182 493
f 87 86 424
f 1015 412 324
f 303 74 521
f 63 62 413
f 516 69 578
f 415 68 67
f 411 108 412
f 102 101 414
f 80 425 81
f 303 301 77
f 74 73 521
f 422 70 516
f 515 608 1069
f 422 327 72
f 515 101 100
f 66 416 67
f 575 61 512
f 582 419 520
f 425 79 302
f 82 81 425
f 423 82 329
f 96 520 97
f 582 420 326
f 78 302 79
f 414 101 515
f 67 416 415
f 303 76 75
f 77 76 303
f 77 301 302
f 518 89 88
f 90 579 91
f 78 77 302
f 93 92 417
f 418 518 580
f 423 84 83
f 423 522 84
f 629 416 325
f 489 604 387
f 409 105 511
f 131 130 471
f 510 573 408
f 327 422 641
f 588 444 534
f 447 269 268
f 406 114 407
f 538 251 250
f 538 613 451
f 353 540 703
f 493 605 393
f 540 453 354
f 353 177 453
f 172 445 454
f 591 454 445
f 657 1051 357
f 1033 344 441
f 634 456 357
f 455 149 456
f 543 145 459
f 543 614 457
f 6 358 458
f 542 458 358
f 459 361 1038
f 145 543 146
f 545 141 463
f 545 615 460
f 461 362 635
f 364 13 461
f 544 462 363
f 362 11 462
f 463 365 1041
f 141 545 142
f 136 466 137
f 546 616 464
f 748 366 626
f 21 465 368
f 369 741 466
f 137 546 138
f 548 133 470
f 548 617 467
f 468 370 636
f 372 27 468
f 547 469 371
f 370 25 469
f 470 373 948
f 133 548 134
f 549 130 129
f 549 618 471
f 31 472 32
f 662 375 627
f 555 478 645
f 475 552 377
f 597 474 374
f 35 551 36
f 553 124 476
f 597 473 551
f 476 378 598
f 124 553 125
f 480 120 119
f 121 554 477
f 38 478 39
f 645 478 550
f 44 379 479
f 556 479 379
f 860 858 772
f 477 599 378
f 860 481 383
f 480 119 481
f 557 116 115
f 482 557 600
f 49 385 483
f 873 483 385
f 1047 859 406
f 58 513 410
f 602 485 384
f 52 559 53
f 863 487 923
f 396 498 569
f 1089 839 1090
f 191 562 192
f 387 487 488
f 487 190 488
f 563 185 492
f 187 563 489
f 240 490 241
f 646 490 497
f 246 388 491
f 565 491 388
f 393 884 492
f 563 604 489
f 567 181 180
f 493 567 605
f 1153 395 496
f 404 505 506
f 1048 495 395
f 494 201 495
f 197 568 198
f 196 560 1029
f 497 396 646
f 490 240 497
f 569 498 397
f 396 238 498
f 501 571 399
f 398 499 637
f 399 499 500
f 224 500 499
f 220 219 501
f 218 217 572
f 721 502 400
f 394 502 638
f 400 502 503
f 502 232 503
f 404 506 639
f 504 789 322
f 404 504 505
f 505 504 403
f 202 506 203
f 639 506 494
f 212 739 213
f 739 402 570
f 640 693 508
f 572 219 218
f 640 509 405
f 217 509 508
f 109 510 110
f 573 510 1013
f 103 511 104
f 647 511 514
f 607 410 513
f 648 672 575
f 558 56 55
f 513 57 577
f 514 414 647
f 511 103 514
f 581 99 519
f 581 608 515
f 679 629 325
f 422 516 641
f 418 669 517
f 417 92 517
f 87 518 88
f 580 518 424
f 519 419 1036
f 99 581 100
f 582 520 420
f 419 97 520
f 327 521 73
f 303 521 421
f 522 85 84
f 328 424 522
f 421 681 301
f 702 327 641
f 655 610 426
f 161 529 436
f 157 330 525
f 643 525 330
f 713 870 1061
f 342 526 644
f 879 306 340
f 643 426 525
f 609 435 584
f 433 165 528
f 160 524 529
f 610 529 524
f 654 584 852
f 337 436 585
f 150 455 531
f 586 531 455
f 611 440 587
f 427 155 532
f 258 347 533
f 347 443 533
f 255 450 534
f 588 534 450
f 168 434 535
f 612 535 434
f 820 822 818
f 433 609 336
f 253 352 537
f 1052 537 352
f 250 391 538
f 613 538 391
f 178 353 539
f 1053 539 353
f 1102 1103 911
f 728 738 1192
f 756 348 446
f 752 813 814
f 996 624 972
f 853 666 544
f 614 459 592
f 457 146 543
f 661 763 854
f 361 460 615
f 615 463 593
f 460 142 545
f 616 466 594
f 464 138 546
f 743 741 621
f 369 467 617
f 617 470 595
f 467 134 548
f 129 376 549
f 618 549 376
f 550 473 645
f 478 38 550
f 597 551 474
f 473 36 551
f 475 553 598
f 796 740 795
f 553 476 598
f 475 125 553
f 120 480 554
f 599 554 480
f 473 597 670
f 475 598 552
f 796 890 895
f 379 1054 936
f 115 406 557
f 600 557 406
f 697 484 602
f 577 607 513
f 602 559 485
f 484 53 559
f 1030 560 1152
f 568 606 496
f 619 561 486
f 194 603 195
f 863 562 487
f 486 192 562
f 185 563 186
f 563 492 929
f 569 671 396
f 729 564 856
f 706 388 717
f 883 605 1190
f 183 393 566
f 393 492 566
f 180 452 567
f 605 567 452
f 196 568 197
f 606 568 1029
f 320 638 826
f 933 983 604
f 404 639 691
f 688 321 637
f 508 509 640
f 321 688 628
f 508 571 572
f 501 572 571
f 840 953 907
f 484 559 602
f 647 574 511
f 844 843 607
f 512 913 575
f 413 62 575
f 59 410 576
f 410 512 576
f 56 558 577
f 607 577 558
f 68 415 578
f 415 516 578
f 579 90 89
f 418 517 579
f 630 328 423
f 642 326 417
f 608 581 519
f 515 100 581
f 765 642 680
f 807 750 806
f 291 429 583
f 429 526 583
f 958 915 957
f 612 336 674
f 426 643 1161
f 882 973 786
f 456 634 455
f 307 644 695
f 734 1058 725
f 631 331 428
f 588 450 704
f 814 1086 816
f 609 654 336
f 1088 823 447
f 888 792 718
f 353 703 1053
f 348 591 445
f 355 591 541
f 615 658 361
f 996 1205 310
f 365 616 659
f 1038 592 459
f 621 369 617
f 366 367 625
f 947 596 899
f 621 741 369
f 552 900 901
f 374 472 662
f 766 670 597
f 596 618 622
f 893 891 684
f 552 598 795
f 891 480 684
f 861 1097 772
f 1047 406 407
f 885 317 556
f 54 484 601
f 1050 601 484
f 938 1112 885
f 607 558 1050
f 619 603 561
f 560 195 603
f 393 883 884
f 706 565 388
f 452 705 605
f 590 613 620
f 560 603 619
f 638 320 394
f 1050 484 697
f 410 607 843
f 582 653 1036
f 325 672 679
f 435 609 528
f 609 584 654
f 426 610 524
f 436 610 585
f 440 611 532
f 611 587 656
f 336 612 434
f 446 612 589
f 319 613 391
f 451 613 590
f 459 614 543
f 614 592 657
f 463 615 545
f 615 593 658
f 466 616 546
f 616 594 659
f 470 617 548
f 617 595 621
f 315 618 376
f 471 618 596
f 729 856 920
f 490 646 564
f 706 718 565
f 452 1053 705
f 902 636 668
f 803 626 749
f 767 770 768
f 374 662 676
f 307 342 644
f 455 634 664
f 586 455 664
f 358 1205 542
f 665 312 364
f 313 368 748
f 366 687 626
f 594 466 741
f 667 314 372
f 901 897 622
f 398 637 321
f 1055 694 1049
f 672 325 413
f 326 765 582
f 681 663 523
f 630 699 328
f 810 809 332
f 632 429 430
f 631 811 1082
f 712 724 644
f 814 813 443
f 541 591 651
f 357 614 657
f 660 675 1094
f 666 362 544
f 593 463 1041
f 370 547 668
f 799 801 744
f 499 399 774
f 708 688 637
f 709 721 400
f 646 396 671
f 495 1048 494
f 404 691 504
f 1049 694 405
f 691 639 711
f 516 807 806
f 663 699 630
f 580 669 418
f 642 517 669
f 611 656 330
f 655 585 610
f 712 429 779
f 644 724 695
f 670 645 473
f 670 768 770
f 826 824 569
f 646 671 857
f 1069 755 414
f 755 647 414
f 843 845 410
f 989 1004 1005
f 630 329 663
f 1036 608 519
f 1034 880 338
f 338 339 1034
f 651 348 756
f 633 443 813
f 697 1095 1050
f 1015 1014 411
f 715 736 673
f 629 679 808
f 957 956 852
f 349 822 1088
f 1161 643 1163
f 1130 812 1129
f 587 1059 1060
f 809 810 751
f 993 1040 1044
f 634 700 664
f 1144 1007 1168
f 542 661 854
f 741 743 745
f 855 966 666
f 675 344 623
f 356 660 624
f 869 971 972
f 1140 1038 1039
f 375 662 472
f 662 627 676
f 302 681 523
f 699 649 328
f 634 1051 700
f 695 623 307
f 461 665 364
f 665 635 677
f 544 311 853
f 666 994 635
f 468 667 372
f 667 636 678
f 371 803 547
f 743 746 742
f 649 701 580
f 582 765 653
f 676 766 374
f 740 797 795
f 709 628 720
f 1029 1030 606
f 575 672 413
f 648 1006 672
f 765 680 673
f 699 714 726
f 821 1101 991
f 350 308 818
f 925 868 623
f 724 871 925
f 946 988 678
f 1204 768 676
f 666 966 994
f 594 741 745
f 902 950 949
f 802 800 946
f 913 914 648
f 737 736 715
f 669 701 680
f 680 701 715
f 702 421 327
f 663 714 699
f 1206 738 728
f 889 1198 1173
f 1089 764 921
f 883 393 605
f 860 480 481
f 383 482 858
f 602 874 697
f 872 874 602
f 862 619 486
f 638 721 730
f 677 1100 625
f 1067 1168 1166
f 499 689 708
f 710 789 691
f 693 571 508
f 775 774 571
f 1057 720 688
f 824 671 569
f 1048 711 494
f 693 1071 775
f 1030 1031 606
f 1056 1055 710
f 694 640 405
f 640 694 1071
f 789 570 322
f 690 709 720
f 644 526 712
f 1108 725 733
f 811 631 809
f 734 1059 1058
f 872 602 384
f 876 874 785
f 881 1085 341
f 341 438 881
f 790 663 681
f 681 421 702
f 924 967 968
f 869 1094 868
f 580 701 669
f 699 726 649
f 516 806 641
f 681 702 790
f 540 1102 728
f 682 705 1053
f 1052 450 537
f 703 728 682
f 1194 1143 1191
f 792 620 319
f 388 389 717
f 683 1132 706
f 380 1054 379
f 316 381 1113
f 499 708 637
f 777 1057 689
f 720 628 688
f 709 690 721
f 723 691 711
f 834 1079 1076
f 494 711 639
f 711 692 731
f 429 712 526
f 712 696 724
f 586 664 725
f 733 725 664
f 806 791 1072
f 673 680 715
f 735 649 726
f 1136 673 736
f 716 1102 911
f 909 651 910
f 729 318 564
f 683 706 717
f 1178 1179 1180
f 997 794 888
f 689 774 775
f 710 691 723
f 1057 688 708
f 720 1057 1073
f 730 721 690
f 638 502 721
f 832 835 839
f 1075 1074 719
f 731 723 711
f 1056 723 722
f 696 783 784
f 926 778 871
f 733 664 700
f 725 713 734
f 702 1072 790
f 701 735 715
f 985 714 791
f 913 845 914
f 540 728 703
f 728 716 1206
f 564 922 856
f 717 729 1106
f 1073 690 720
f 825 832 921
f 732 731 692
f 723 731 722
f 692 1048 1032
f 690 793 1077
f 660 1094 624
f 675 623 868
f 783 696 781
f 440 1059 587
f 649 735 701
f 736 737 727
f 737 715 735
f 736 727 1136
f 726 940 735
f 791 986 985
f 889 1203 887
f 887 590 620
f 739 212 211
f 1049 739 570
f 796 795 598
f 1114 944 943
f 595 799 621
f 659 594 1066
f 747 749 1068
f 903 749 626
f 621 799 746
f 743 742 745
f 595 948 801
f 746 744 747
f 1068 742 747
f 903 904 805
f 621 746 743
f 747 950 902
f 803 804 547
f 742 746 747
f 366 748 465
f 313 748 626
f 626 687 903
f 804 747 668
f 750 807 808
f 939 737 940
f 751 810 812
f 781 696 779
f 752 814 816
f 651 756 758
f 813 815 633
f 753 817 815
f 827 826 638
f 754 829 825
f 1134 727 941
f 727 939 941
f 759 756 589
f 759 758 756
f 759 589 760
f 759 760 757
f 905 758 757
f 651 909 541
f 760 589 674
f 758 759 757
f 654 842 674
f 674 842 760
f 846 849 847
f 907 574 647
f 1160 927 882
f 823 819 964
f 1008 992 661
f 666 853 855
f 671 824 825
f 864 1152 862
f 765 326 642
f 653 765 673
f 374 766 597
f 1204 897 767
f 900 552 795
f 670 766 768
f 676 768 766
f 770 767 769
f 798 797 769
f 645 1070 555
f 770 769 771
f 670 770 1070
f 740 944 769
f 769 944 771
f 859 858 600
f 1183 1098 1110
f 862 486 863
f 830 825 829
f 775 571 693
f 499 774 689
f 775 1071 776
f 689 775 777
f 1056 1162 1055
f 719 1057 777
f 775 776 777
f 1075 777 776
f 696 784 724
f 700 967 733
f 1083 781 779
f 712 779 696
f 1062 656 587
f 1060 1062 587
f 1083 779 632
f 1202 783 781
f 751 1188 1187
f 871 778 925
f 1202 781 780
f 783 782 784
f 870 784 782
f 724 784 871
f 872 384 873
f 573 1018 1020
f 786 879 880
f 1160 882 650
f 1192 1193 1194
f 1132 1133 982
f 984 937 942
f 772 859 861
f 691 789 504
f 789 710 1055
f 702 641 1072
f 663 790 714
f 939 727 737
f 714 790 791
f 319 565 792
f 565 718 792
f 1073 1074 793
f 833 834 831
f 887 620 888
f 794 887 888
f 796 598 378
f 797 740 769
f 378 599 890
f 890 599 891
f 769 767 798
f 795 797 900
f 897 798 767
f 901 900 798
f 947 800 948
f 746 799 744
f 899 622 897
f 802 950 801
f 595 801 799
f 802 801 800
f 945 946 800
f 636 902 949
f 626 803 313
f 804 803 749
f 747 804 749
f 547 804 668
f 687 904 903
f 745 742 1080
f 807 516 415
f 791 806 750
f 415 629 807
f 808 807 629
f 990 954 679
f 679 954 808
f 810 332 304
f 811 809 751
f 527 1084 304
f 1085 812 1084
f 1124 1123 1037
f 811 780 1082
f 974 975 1129
f 1129 812 698
f 814 443 347
f 813 752 815
f 588 1086 347
f 1086 704 816
f 1182 1104 1093
f 757 1101 905
f 704 1172 816
f 1199 841 1182
f 815 817 633
f 817 753 818
f 820 818 753
f 350 818 822
f 819 820 821
f 991 1101 906
f 821 820 753
f 822 820 819
f 821 951 905
f 760 906 1101
f 822 819 823
f 822 349 350
f 964 962 963
f 1012 823 536
f 826 569 320
f 825 824 754
f 827 829 754
f 1089 921 832
f 827 638 730
f 824 826 754
f 829 827 1078
f 754 826 827
f 1077 730 690
f 836 867 865
f 1078 827 730
f 829 828 830
f 830 828 833
f 825 830 832
f 828 1078 1079
f 865 867 864
f 835 830 833
f 830 835 832
f 834 833 828
f 833 831 835
f 1076 793 1074
f 1156 1155 732
f 831 837 835
f 837 839 835
f 838 867 837
f 1089 832 839
f 831 1196 837
f 837 836 839
f 1196 834 1155
f 1032 1156 692
f 866 836 865
f 836 866 839
f 1134 1137 1136
f 761 844 847
f 909 910 841
f 1093 752 816
f 852 842 654
f 962 906 760
f 844 607 652
f 843 761 845
f 652 1096 847
f 761 843 844
f 847 851 761
f 575 913 648
f 874 878 697
f 573 1013 1014
f 652 847 844
f 849 1025 1117
f 908 1002 1001
f 849 851 847
f 849 846 1025
f 849 848 851
f 1022 1016 1019
f 953 1146 1195
f 914 851 955
f 761 851 1105
f 958 957 337
f 852 762 916
f 854 311 542
f 853 763 855
f 763 853 854
f 311 854 853
f 965 855 763
f 966 993 918
f 922 646 857
f 920 856 1175
f 825 857 671
f 922 764 856
f 600 406 859
f 772 1099 860
f 859 685 1148
f 772 858 859
f 480 860 684
f 383 858 860
f 1026 1028 1151
f 937 788 936
f 486 562 863
f 864 862 773
f 487 387 983
f 773 862 863
f 865 864 773
f 686 1030 1152
f 865 773 866
f 837 867 836
f 1200 1177 1176
f 683 1106 920
f 838 686 867
f 864 867 686
f 925 623 695
f 868 778 869
f 926 1128 778
f 1128 969 970
f 782 1186 1065
f 926 871 1107
f 870 1107 784
f 713 1108 1107
f 384 483 873
f 872 785 874
f 938 873 1112
f 785 872 873
f 1027 876 1111
f 876 878 874
f 1019 1018 1014
f 652 1050 1095
f 876 785 1111
f 876 875 878
f 873 938 1109
f 859 1148 861
f 1024 1022 1021
f 1095 1096 652
f 880 879 530
f 786 974 881
f 338 880 530
f 880 650 882
f 881 698 1085
f 306 879 881
f 852 956 762
f 959 915 958
f 1190 605 705
f 883 787 884
f 929 976 931
f 563 929 604
f 936 885 556
f 885 788 938
f 986 886 985
f 986 987 886
f 620 792 888
f 889 887 794
f 980 979 935
f 981 997 888
f 794 1193 1198
f 889 704 1052
f 599 480 891
f 796 378 890
f 1099 984 893
f 890 891 895
f 895 896 740
f 893 895 891
f 684 1099 893
f 893 892 895
f 1099 772 1097
f 1097 1098 1183
f 896 895 892
f 740 796 895
f 892 942 896
f 943 896 942
f 1204 898 897
f 897 898 899
f 627 988 676
f 947 899 945
f 945 899 898
f 596 622 899
f 797 798 900
f 798 897 901
f 622 315 901
f 552 901 315
f 668 747 902
f 950 747 744
f 625 1100 687
f 749 903 805
f 1007 1144 994
f 1166 1168 1007
f 951 821 753
f 905 912 910
f 842 962 760
f 842 852 916
f 952 647 755
f 840 1115 953
f 840 907 952
f 999 998 954
f 910 651 758
f 911 909 841
f 758 905 910
f 905 951 912
f 1174 1199 1087
f 1102 716 728
f 1104 912 815
f 841 910 912
f 512 845 913
f 914 845 1105
f 851 848 955
f 914 990 1006
f 1119 928 960
f 959 960 915
f 1159 963 762
f 842 916 962
f 965 763 992
f 1010 1139 1140
f 993 966 855
f 593 1041 1043
f 1177 932 1092
f 929 884 976
f 1175 764 1091
f 1180 982 1133
f 764 857 921
f 825 921 857
f 646 922 564
f 764 922 857
f 604 929 931
f 866 1176 1092
f 968 700 657
f 869 970 971
f 868 925 778
f 724 925 695
f 1108 926 1107
f 733 967 969
f 1034 1157 1035
f 762 956 1127
f 882 927 1126
f 1122 1119 1121
f 492 884 929
f 884 787 976
f 980 978 979
f 983 933 923
f 934 931 930
f 604 931 933
f 980 1179 934
f 1092 1178 1181
f 934 933 931
f 1177 933 932
f 934 930 980
f 933 934 932
f 930 976 978
f 935 979 982
f 379 936 556
f 936 707 937
f 937 707 942
f 1183 937 894
f 1183 1110 788
f 1112 873 385
f 737 735 940
f 941 939 886
f 714 940 726
f 886 939 940
f 987 941 886
f 1001 989 1135
f 942 892 984
f 943 942 707
f 943 707 1054
f 1114 555 771
f 740 896 944
f 943 944 896
f 945 898 946
f 945 800 947
f 988 946 898
f 678 802 946
f 800 801 948
f 373 596 947
f 470 948 595
f 373 947 948
f 802 678 949
f 636 949 678
f 801 950 744
f 949 950 802
f 753 815 951
f 912 951 815
f 952 1004 1003
f 989 1001 1003
f 1014 1015 1017
f 574 907 953
f 679 1006 990
f 1000 987 999
f 1115 840 1116
f 1011 954 990
f 957 852 584
f 956 915 1127
f 337 957 584
f 915 956 957
f 337 585 958
f 959 958 585
f 1120 585 655
f 959 1119 960
f 960 928 973
f 960 1126 1127
f 927 1160 1159
f 823 961 1158
f 916 963 962
f 962 964 991
f 762 963 916
f 964 963 961
f 823 964 961
f 991 964 819
f 992 763 661
f 965 917 993
f 993 855 965
f 966 918 994
f 968 967 700
f 969 967 924
f 1141 1039 917
f 1010 1145 1008
f 970 969 924
f 969 926 1108
f 971 970 924
f 1128 869 778
f 1138 924 968
f 972 624 1094
f 995 972 971
f 624 996 310
f 973 882 1126
f 974 973 928
f 974 928 975
f 974 698 881
f 1161 655 426
f 1163 1064 1124
f 997 977 1143
f 931 976 930
f 981 979 977
f 978 976 1189
f 1189 976 787
f 978 977 979
f 997 981 977
f 981 1131 979
f 980 935 1179
f 978 980 930
f 718 1131 888
f 981 888 1131
f 1132 982 1131
f 1133 683 920
f 487 983 923
f 604 983 387
f 893 984 892
f 894 937 984
f 886 940 985
f 714 985 940
f 791 750 986
f 750 808 998
f 998 986 750
f 908 999 954
f 988 898 1204
f 678 988 627
f 1005 1004 755
f 941 987 1000
f 914 955 990
f 955 1002 1011
f 821 991 819
f 962 991 906
f 1008 1009 995
f 965 992 1145
f 1040 917 1039
f 917 1040 993
f 994 918 1007
f 677 635 994
f 971 1138 995
f 1141 1145 1010
f 1009 972 995
f 996 1009 1205
f 1143 977 1189
f 1191 1143 1190
f 954 998 808
f 986 998 987
f 999 908 1000
f 998 999 987
f 1001 1000 908
f 941 1135 1134
f 908 1011 1002
f 755 1004 952
f 1116 955 848
f 1118 952 1003
f 1001 1002 1003
f 1002 1116 1118
f 755 1069 1005
f 989 1003 1004
f 1036 1005 608
f 653 1136 1137
f 672 1006 679
f 914 1006 648
f 1165 1041 659
f 1067 1166 1165
f 1009 1008 661
f 1008 995 1010
f 1205 1009 661
f 972 1009 996
f 1139 995 1138
f 1139 1010 995
f 954 1011 908
f 955 1011 990
f 269 1012 432
f 823 1012 447
f 109 1013 510
f 1014 1013 411
f 412 1015 411
f 878 875 1024
f 324 409 1195
f 1017 1015 1146
f 875 1027 1026
f 573 1014 1018
f 953 850 1017
f 1023 1025 1021
f 1019 1014 1017
f 1020 1018 1016
f 1023 1017 850
f 1016 1018 1019
f 1016 1024 1026
f 1151 1047 1020
f 1022 1023 1021
f 1096 1021 846
f 1023 1022 1019
f 1021 878 1024
f 1017 1023 1019
f 1023 850 1025
f 1026 1024 875
f 1016 1022 1024
f 1025 850 1117
f 1021 1025 846
f 1026 1027 1028
f 1020 1016 1026
f 876 1027 875
f 1028 1027 877
f 1028 1149 1148
f 1028 1148 1151
f 196 1029 568
f 1030 1029 560
f 1152 560 619
f 1030 686 1031
f 686 838 1031
f 1154 1032 1031
f 606 1031 1032
f 1031 838 1154
f 307 1033 345
f 344 1033 623
f 1157 305 536
f 880 1034 650
f 1035 961 1159
f 650 1034 1035
f 582 1036 419
f 1036 653 1137
f 1164 1064 656
f 928 1119 1122
f 361 658 1038
f 1039 1038 658
f 1039 658 1040
f 917 1145 1141
f 1043 1045 593
f 1041 1042 1043
f 365 659 1041
f 1066 1067 1165
f 1044 1167 918
f 1042 1044 1043
f 1167 1042 1166
f 658 1045 1040
f 993 1044 918
f 1045 1044 1040
f 593 1045 658
f 1044 1045 1043
f 375 1046 627
f 667 1046 314
f 1047 323 1147
f 859 1047 685
f 1048 395 1153
f 711 1048 692
f 507 1049 405
f 1055 1049 570
f 607 1050 652
f 1050 558 601
f 357 1051 634
f 657 700 1051
f 1052 352 1203
f 704 450 1052
f 1053 452 539
f 682 1053 703
f 1054 316 1113
f 936 1054 707
f 789 1055 570
f 723 1056 710
f 1169 1075 1056
f 1162 776 1071
f 1057 708 689
f 1073 1057 719
f 439 1058 343
f 725 1058 586
f 1058 1059 343
f 1060 1059 734
f 1061 1060 734
f 1060 1065 1164
f 713 1061 734
f 782 1061 870
f 1061 1065 1060
f 1062 1164 656
f 1186 1202 1185
f 811 1187 1201
f 1184 1185 1201
f 1123 1124 975
f 782 1065 1061
f 1065 1063 1164
f 594 745 1066
f 1066 745 1067
f 745 1080 1081
f 1167 1166 1007
f 749 805 1068
f 1080 1068 805
f 515 1069 414
f 1005 1069 608
f 770 771 1070
f 555 1070 771
f 640 1071 693
f 1162 1071 694
f 806 1072 641
f 790 1072 791
f 1074 1073 719
f 690 1073 793
f 719 777 1075
f 1170 1171 1197
f 1162 1075 776
f 1169 1056 722
f 1197 1075 1169
f 1076 1197 1171
f 793 1076 1079
f 829 1078 828
f 730 1077 1078
f 1079 1078 1077
f 1079 1077 793
f 828 1079 834
f 1068 1080 742
f 1081 1080 805
f 904 1081 805
f 745 1081 1067
f 1083 780 781
f 331 1082 632
f 632 1082 1083
f 780 1083 1082
f 304 1084 810
f 1085 1084 527
f 341 1085 527
f 812 1085 698
f 347 1086 814
f 704 1086 588
f 1087 1172 1173
f 911 1174 716
f 1088 447 448
f 822 823 1088
f 1090 839 866
f 1175 919 920
f 1092 1090 866
f 1090 1181 1091
f 764 1089 1091
f 1090 1091 1089
f 866 773 1176
f 1178 1092 932
f 1093 816 1172
f 912 1182 841
f 868 1094 675
f 972 1094 869
f 697 878 1095
f 1096 1095 878
f 1021 1096 878
f 1096 846 847
f 1097 861 1098
f 1099 1097 894
f 1149 1098 861
f 1110 1150 1109
f 1099 894 984
f 1099 684 860
f 1144 1100 677
f 687 1100 904
f 905 1101 821
f 760 1101 757
f 540 309 1102
f 1103 1102 309
f 355 1103 309
f 911 1103 541
f 815 752 1104
f 1093 1104 752
f 761 1105 845
f 851 914 1105
f 717 1106 683
f 729 920 1106
f 784 1107 871
f 713 1107 870
f 725 1108 713
f 969 1108 733
f 938 1110 1109
f 1098 1149 1150
f 788 1110 938
f 1150 1110 1098
f 1111 877 1027
f 785 1109 1111
f 386 1112 385
f 885 1112 317
f 1114 1113 555
f 1054 1113 943
f 944 1114 771
f 1113 1114 943
f 840 1118 1116
f 1117 1115 1116
f 955 1116 1002
f 1117 1116 848
f 849 1117 848
f 850 1115 1117
f 952 1118 840
f 1002 1118 1003
f 1120 959 585
f 1120 1121 1119
f 1121 1120 655
f 959 1120 1119
f 1161 1121 655
f 1124 1037 1163
f 1123 1121 1037
f 975 928 1122
f 975 1122 1123
f 1121 1123 1122
f 1125 1124 1064
f 1130 751 812
f 1184 1125 1064
f 751 1187 811
f 1127 1126 927
f 973 1126 960
f 1127 927 762
f 960 1127 915
f 969 1128 926
f 869 1128 970
f 974 1129 698
f 1130 1129 975
f 975 1124 1130
f 1124 1125 1188
f 1132 1131 718
f 979 1131 982
f 706 1132 718
f 1133 1132 683
f 920 919 1133
f 1133 919 1180
f 1135 941 1000
f 989 1005 1137
f 1001 1135 1000
f 989 1134 1135
f 1136 653 673
f 727 1134 1136
f 989 1137 1134
f 1036 1137 1005
f 924 1138 971
f 1138 968 1139
f 657 1142 968
f 1142 592 1140
f 1142 1140 1139
f 1038 1140 592
f 1010 1140 1141
f 1039 1141 1140
f 968 1142 1139
f 592 1142 657
f 1190 1143 1189
f 1191 705 682
f 1100 1144 904
f 994 1144 677
f 965 1145 917
f 1008 1145 992
f 1015 324 1195
f 953 1017 1146
f 573 1020 1147
f 1047 1147 1020
f 1151 1148 685
f 1149 1028 877
f 1149 877 1150
f 861 1148 1149
f 877 1111 1150
f 1109 1150 1111
f 1047 1151 685
f 1026 1151 1020
f 862 1152 619
f 686 1152 864
f 606 1032 1153
f 1048 1153 1032
f 1155 1154 838
f 1156 1154 1155
f 1196 1155 838
f 1155 834 1171
f 692 1156 732
f 1032 1154 1156
f 305 1157 1034
f 1158 1157 536
f 823 1158 536
f 1035 1158 961
f 963 1159 961
f 927 1159 762
f 650 1035 1160
f 1159 1160 1035
f 1163 643 656
f 1121 1161 1037
f 1055 1162 694
f 1075 1162 1056
f 1161 1163 1037
f 656 1064 1163
f 1164 1062 1060
f 1184 1164 1063
f 1041 1165 1042
f 1066 1165 659
f 1165 1166 1042
f 1168 1067 1081
f 918 1167 1007
f 1042 1167 1044
f 1081 904 1168
f 1144 1168 904
f 1170 1169 722
f 1074 1197 1076
f 722 732 1170
f 1170 732 1171
f 1155 1171 732
f 834 1076 1171
f 1173 1172 704
f 1093 1172 1087
f 889 1173 704
f 1206 1173 738
f 911 841 1199
f 1206 1174 1087
f 764 1175 856
f 919 1175 1091
f 863 1200 773
f 923 1200 863
f 1177 923 933
f 1092 1176 1177
f 1179 1178 932
f 1181 1178 919
f 934 1179 932
f 1180 1179 935
f 1180 935 982
f 919 1178 1180
f 1091 1181 919
f 1092 1181 1090
f 1104 1182 912
f 1199 1182 1093
f 937 1183 788
f 1097 1183 894
f 1164 1184 1064
f 1185 1184 1063
f 1186 1185 1063
f 780 811 1201
f 1065 1186 1063
f 782 783 1202
f 1188 751 1130
f 1201 1187 1125
f 1124 1188 1130
f 1125 1187 1188
f 978 1189 977
f 1190 1189 787
f 883 1190 787
f 1191 1190 705
f 682 1192 1191
f 1191 1192 1194
f 728 1192 682
f 1193 1192 738
f 1193 738 1198
f 1194 794 997
f 794 1194 1193
f 1143 1194 997
f 953 1195 574
f 1015 1195 1146
f 837 1196 838
f 834 1196 831
f 1075 1197 1074
f 1170 1197 1169
f 1198 889 794
f 738 1173 1198
f 1087 1199 1093
f 911 1199 1174
f 1177 1200 923
f 773 1200 1176
f 1184 1201 1125
f 780 1201 1185
f 1185 1202 780
f 782 1202 1186
f 887 1203 590
f 1052 1203 889
f 768 1204 767
f 988 1204 676
f 542 1205 661
f 1205 358 359
f 1174 1206 716
f 1173 1206 1087
